Model Output: [-16.516918182373047, -40.58290481567383, 13.690749168395996, -32.06745147705078, -40.80331039428711, -38.731319427490234, 43.14999008178711, -28.17127227783203]
Target: [0.0, 0.0, 0.0, 0.0, 0.0, 0.0, 0.0, 0.0]
Out2: [-16.516918182373047, -40.58290481567383, 13.690749168395996, -32.06745147705078, -40.80331039428711, -38.731319427490234, 43.14999008178711, -28.17127227783203]
out2 * 2: [-33.033836364746094, -81.16580963134766, 27.381498336791992, -64.13490295410156, -81.60662078857422, -77.46263885498047, 86.29998016357422, -56.34254455566406]
Loss: 63.42848205566406
H:
[[ 1.67311085e+00  3.74834419e-01 -7.38779353e+01]
 [ 7.87600697e-02  2.09954417e+00 -1.11424600e+02]
 [ 4.71344593e-04  2.91647520e-03  1.00000000e+00]]
H:
[[   1.67311085    0.37483442  -73.87793533]
 [   0.07876007    2.09954417 -111.4246005 ]
 [   0.00047134    0.00291648    1.        ]]
H_inverse:
[[ 5.96669353e-01 -1.45271538e-01  2.78938768e+01]
 [-3.23077181e-02  4.20320247e-01  4.44471881e+01]
 [-1.87012215e-04 -1.15738062e-03  8.57223250e-01]]
H_inverse:
[[ 0.59666935 -0.14527154 27.89387679]
 [-0.03230772  0.42032025 44.44718808]
 [-0.00018701 -0.00115738  0.85722325]]
H_four_points:
[[-17 -41]
 [ 14 -32]
 [-41 -39]
 [ 43 -28]]