Model Output: [-24.05239486694336, -52.36489486694336, 23.64679527282715, -39.67729187011719, -79.1064224243164, -45.18704605102539, 75.08717346191406, -53.873809814453125]
Target: [-11.882572174072266, -17.822486877441406, 21.771299362182617, -55.42959976196289, -65.31390380859375, -55.42959976196289, 35.647701263427734, -17.822486877441406]
Out2: [-24.05239486694336, -52.36489486694336, 23.64679527282715, -39.67729187011719, -79.1064224243164, -45.18704605102539, 75.08717346191406, -53.873809814453125]
out2 * 2: [-48.10478973388672, -104.72978973388672, 47.2935905456543, -79.35458374023438, -158.2128448486328, -90.37409210205078, 150.17434692382812, -107.74761962890625]
Loss: 63.10900115966797
H:
[[ 2.21628381e+00  1.00416108e+00 -1.44703017e+02]
 [-9.77853414e-03  3.88630547e+00 -2.29676087e+02]
 [ 2.21471888e-04  8.14003416e-03  1.00000000e+00]]
H:
[[   2.21628381    1.00416108 -144.7030172 ]
 [  -0.00977853    3.88630547 -229.67608719]
 [   0.00022147    0.00814003    1.        ]]
H_inverse:
[[ 4.47877189e-01 -1.69789911e-01  2.58124982e+01]
 [-3.19716641e-03  1.74947524e-01  3.97186232e+01]
 [-7.31671628e-05 -1.38647513e-03  6.70972308e-01]]
H_inverse:
[[ 0.44787719 -0.16978991 25.81249823]
 [-0.00319717  0.17494752 39.71862322]
 [-0.00007317 -0.00138648  0.67097231]]
H_four_points:
[[-24 -52]
 [ 24 -40]
 [-79 -45]
 [ 75 -54]]