Model Output: [-23.82994270324707, -47.813026428222656, 24.53180503845215, -42.15769958496094, -65.80380249023438, -44.20252990722656, 75.06391143798828, -49.33592224121094]
Target: [-13.427013397216797, -20.775650024414062, 23.416690826416016, -58.500850677490234, -70.25006103515625, -58.500850677490234, 40.28104019165039, -20.775650024414062]
Out2: [-23.82994270324707, -47.813026428222656, 24.53180503845215, -42.15769958496094, -65.80380249023438, -44.20252990722656, 75.06391143798828, -49.33592224121094]
out2 * 2: [-47.65988540649414, -95.62605285644531, 49.0636100769043, -84.31539916992188, -131.60760498046875, -88.40505981445312, 150.12782287597656, -98.67184448242188]
Loss: 54.94368362426758
H:
[[ 1.99142471e+00  8.43258971e-01 -1.24779788e+02]
 [-4.47433309e-03  3.23659510e+00 -1.84199742e+02]
 [ 7.04609204e-05  6.42952667e-03  1.00000000e+00]]
H:
[[   1.99142471    0.84325897 -124.77978752]
 [  -0.00447433    3.2365951  -184.19974184]
 [   0.00007046    0.00642953    1.        ]]
H_inverse:
[[ 5.00738268e-01 -1.86382758e-01  2.81503589e+01]
 [-9.63274891e-04  2.26556205e-01  4.16113972e+01]
 [-2.90890777e-05 -1.44351646e-03  7.30474912e-01]]
H_inverse:
[[ 0.50073827 -0.18638276 28.15035887]
 [-0.00096327  0.2265562  41.61139719]
 [-0.00002909 -0.00144352  0.73047491]]
H_four_points:
[[-24 -48]
 [ 25 -42]
 [-66 -44]
 [ 75 -49]]