Model Output: [-26.341211318969727, -49.06162643432617, 21.682071685791016, -43.207916259765625, -72.26531982421875, -43.89189147949219, 65.25579071044922, -50.66149139404297]
Target: [-15.07437515258789, -24.043903350830078, 25.00574493408203, -61.26865005493164, -75.01724243164062, -61.26865005493164, 45.22309875488281, -24.043903350830078]
Out2: [-26.341211318969727, -49.06162643432617, 21.682071685791016, -43.207916259765625, -72.26531982421875, -43.89189147949219, 65.25579071044922, -50.66149139404297]
out2 * 2: [-52.68242263793945, -98.12325286865234, 43.36414337158203, -86.41583251953125, -144.5306396484375, -87.78378295898438, 130.51158142089844, -101.32298278808594]
Loss: 51.7236328125
H:
[[ 1.89887476e+00  7.99833622e-01 -1.19515144e+02]
 [-1.08994468e-02  3.16355081e+00 -1.80768822e+02]
 [ 2.96184118e-06  6.24793959e-03  1.00000000e+00]]
H:
[[   1.89887476    0.79983362 -119.51514402]
 [  -0.01089945    3.16355081 -180.76882186]
 [   0.00000296    0.00624794    1.        ]]
H_inverse:
[[ 5.25496454e-01 -1.89311288e-01  2.85832060e+01]
 [ 1.26864344e-03  2.32481204e-01  4.21769755e+01]
 [-9.48284463e-06 -1.45196781e-03  7.36396146e-01]]
H_inverse:
[[ 0.52549645 -0.18931129 28.58320603]
 [ 0.00126864  0.2324812  42.17697547]
 [-0.00000948 -0.00145197  0.73639615]]
H_four_points:
[[-26 -49]
 [ 22 -43]
 [-72 -44]
 [ 65 -51]]