Model Output: [-24.443540573120117, -47.89081954956055, 21.435379028320312, -45.59344482421875, -75.35899353027344, -49.86557388305664, 74.2240219116211, -47.23079299926758]
Target: [-16.839683532714844, -27.668729782104492, 26.545000076293945, -63.75429916381836, -79.63497924804688, -63.75429916381836, 50.519039154052734, -27.668729782104492]
Out2: [-24.443540573120117, -47.89081954956055, 21.435379028320312, -45.59344482421875, -75.35899353027344, -49.86557388305664, 74.2240219116211, -47.23079299926758]
out2 * 2: [-48.887081146240234, -95.7816390991211, 42.870758056640625, -91.1868896484375, -150.71798706054688, -99.73114776611328, 148.4480438232422, -94.46158599853516]
Loss: 51.962547302246094
H:
[[ 2.12988288e+00  8.71333653e-01 -1.33063126e+02]
 [ 9.63454727e-03  3.45966744e+00 -1.98429434e+02]
 [ 2.27728815e-04  7.19990082e-03  1.00000000e+00]]
H:
[[   2.12988288    0.87133365 -133.06312597]
 [   0.00963455    3.45966744 -198.42943412]
 [   0.00022773    0.0071999     1.        ]]
H_inverse:
[[ 4.67362057e-01 -1.74902012e-01  2.74829490e+01]
 [-5.24145761e-03  2.06529959e-01  4.02841781e+01]
 [-6.86938328e-05 -1.44716499e-03  7.03699254e-01]]
H_inverse:
[[ 0.46736206 -0.17490201 27.482949  ]
 [-0.00524146  0.20652996 40.28417807]
 [-0.00006869 -0.00144716  0.70369925]]
H_four_points:
[[-24 -48]
 [ 21 -46]
 [-75 -50]
 [ 74 -47]]