Model Output: [-22.891895294189453, -53.344261169433594, 26.70347785949707, -45.14085388183594, -75.6333999633789, -50.783424377441406, 72.99011993408203, -51.04242706298828]
Target: [-18.74078369140625, -31.699689865112305, 28.04030990600586, -65.97630310058594, -84.12094116210938, -65.97630310058594, 56.22235107421875, -31.699689865112305]
Out2: [-22.891895294189453, -53.344261169433594, 26.70347785949707, -45.14085388183594, -75.6333999633789, -50.783424377441406, 72.99011993408203, -51.04242706298828]
out2 * 2: [-45.783790588378906, -106.68852233886719, 53.40695571899414, -90.28170776367188, -151.2667999267578, -101.56684875488281, 145.98023986816406, -102.08485412597656]
Loss: 51.82291793823242
H:
[[ 2.28689322e+00  1.05571672e+00 -1.50228958e+02]
 [ 1.71218237e-02  3.87552643e+00 -2.32039760e+02]
 [ 3.83402509e-04  8.26677965e-03  1.00000000e+00]]
H:
[[   2.28689322    1.05571672 -150.22895821]
 [   0.01712182    3.87552643 -232.0397597 ]
 [   0.0003834     0.00826678    1.        ]]
H_inverse:
[[ 4.34325495e-01 -1.72240445e-01  2.52816352e+01]
 [-7.95271901e-03  1.75753654e-01  3.95871069e+01]
 [-1.00778109e-04 -1.38687931e-03  6.63049068e-01]]
H_inverse:
[[ 0.4343255  -0.17224045 25.28163518]
 [-0.00795272  0.17575365 39.58710687]
 [-0.00010078 -0.00138688  0.66304907]]
H_four_points:
[[-23 -53]
 [ 27 -45]
 [-76 -51]
 [ 73 -51]]