Model Output: [-23.481306076049805, -54.86248016357422, 25.622127532958984, -44.5599479675293, -79.89997863769531, -49.075645446777344, 77.33976745605469, -54.1824951171875]
Target: [-20.799137115478516, -36.196659088134766, 29.497024536132812, -67.950439453125, -88.49111938476562, -67.950439453125, 62.397369384765625, -36.196659088134766]
Out2: [-23.481306076049805, -54.86248016357422, 25.622127532958984, -44.5599479675293, -79.89997863769531, -49.075645446777344, 77.33976745605469, -54.1824951171875]
out2 * 2: [-46.96261215209961, -109.72496032714844, 51.24425506591797, -89.1198959350586, -159.79995727539062, -98.15129089355469, 154.67953491210938, -108.364990234375]
Loss: 51.071083068847656
H:
[[ 2.28700983e+00  1.08414146e+00 -1.51263947e+02]
 [ 8.65473444e-03  4.02709074e+00 -2.44131427e+02]
 [ 2.51051417e-04  8.70082965e-03  1.00000000e+00]]
H:
[[   2.28700983    1.08414146 -151.26394659]
 [   0.00865473    4.02709074 -244.13142717]
 [   0.00025105    0.00870083    1.        ]]
H_inverse:
[[ 4.35219338e-01 -1.69826175e-01  2.43730882e+01]
 [-4.94877739e-03  1.64499989e-01  3.94110454e+01]
 [-6.62039625e-05 -1.38865128e-03  6.50972309e-01]]
H_inverse:
[[ 0.43521934 -0.16982617 24.37308818]
 [-0.00494878  0.16449999 39.41104542]
 [-0.0000662  -0.00138865  0.65097231]]
H_four_points:
[[-23 -55]
 [ 26 -45]
 [-80 -49]
 [ 77 -54]]