Model Output: [-24.343008041381836, -52.43647384643555, 28.223804473876953, -51.705528259277344, -73.50196838378906, -49.72542190551758, 83.07141876220703, -49.782806396484375]
Target: [-23.040664672851562, -41.23231506347656, 30.920059204101562, -69.69049835205078, -92.7601318359375, -69.69049835205078, 69.12200164794922, -41.23231506347656]
Out2: [-24.343008041381836, -52.43647384643555, 28.223804473876953, -51.705528259277344, -73.50196838378906, -49.72542190551758, 83.07141876220703, -49.782806396484375]
out2 * 2: [-48.68601608276367, -104.8729476928711, 56.447608947753906, -103.41105651855469, -147.00393676757812, -99.45084381103516, 166.14283752441406, -99.56561279296875]
Loss: 48.48654556274414
H:
[[ 2.10413990e+00  1.03148438e+00 -1.40622145e+02]
 [ 1.08663310e-02  3.61778097e+00 -2.14216084e+02]
 [-6.16935560e-05  7.89677517e-03  1.00000000e+00]]
H:
[[   2.1041399     1.03148438 -140.62214498]
 [   0.01086633    3.61778097 -214.21608448]
 [  -0.00006169    0.00789678    1.        ]]
H_inverse:
[[ 4.77005420e-01 -1.92436115e-01  2.58546143e+01]
 [ 2.11076040e-04  1.88260144e-01  4.03580329e+01]
 [ 2.77613405e-05 -1.49852010e-03  6.82896751e-01]]
H_inverse:
[[ 0.47700542 -0.19243611 25.85461426]
 [ 0.00021108  0.18826014 40.35803289]
 [ 0.00002776 -0.00149852  0.68289675]]
H_four_points:
[[-24 -52]
 [ 28 -52]
 [-74 -50]
 [ 83 -50]]