Model Output: [-29.08757972717285, -52.697383880615234, 23.868925094604492, -52.413570404052734, -76.28880310058594, -55.27873992919922, 85.88385009765625, -48.910072326660156]
Target: [-25.497154235839844, -46.89596939086914, 32.31386184692383, -71.2081298828125, -96.94155883789062, -71.2081298828125, 76.49146270751953, -46.89596939086914]
Out2: [-29.08757972717285, -52.697383880615234, 23.868925094604492, -52.413570404052734, -76.28880310058594, -55.27873992919922, 85.88385009765625, -48.910072326660156]
out2 * 2: [-58.1751594543457, -105.39476776123047, 47.737850189208984, -104.82714080810547, -152.57760620117188, -110.55747985839844, 171.7677001953125, -97.82014465332031]
Loss: 47.67570114135742
H:
[[ 2.40447414e+00  1.10186182e+00 -1.69066455e+02]
 [ 2.88831978e-02  3.94606180e+00 -2.37004208e+02]
 [ 2.78551085e-04  8.80138041e-03  1.00000000e+00]]
H:
[[   2.40447414    1.10186182 -169.06645456]
 [   0.0288832     3.9460618  -237.00420793]
 [   0.00027855    0.00880138    1.        ]]
H_inverse:
[[ 4.14796353e-01 -1.78094853e-01  2.79189194e+01]
 [-6.52592998e-03  1.68583719e-01  3.88517350e+01]
 [-5.81047822e-05 -1.43416093e-03  6.50274256e-01]]
H_inverse:
[[ 0.41479635 -0.17809485 27.91891936]
 [-0.00652593  0.16858372 38.85173499]
 [-0.0000581  -0.00143416  0.65027426]]
H_four_points:
[[-29 -53]
 [ 24 -52]
 [-76 -55]
 [ 86 -49]]