Model Output: [-26.187435150146484, -52.84199142456055, 25.836957931518555, -50.21957778930664, -75.21115112304688, -54.98995590209961, 78.25586700439453, -54.44154739379883]
Target: [-28.207866668701172, -53.298465728759766, 33.682640075683594, -72.51334381103516, -101.04789733886719, -72.51334381103516, 84.62357330322266, -53.298465728759766]
Out2: [-26.187435150146484, -52.84199142456055, 25.836957931518555, -50.21957778930664, -75.21115112304688, -54.98995590209961, 78.25586700439453, -54.44154739379883]
out2 * 2: [-52.37487030029297, -105.6839828491211, 51.67391586303711, -100.43915557861328, -150.42230224609375, -109.97991180419922, 156.51173400878906, -108.88309478759766]
Loss: 42.097923278808594
H:
[[ 2.27101170e+00  1.05329769e+00 -1.54138377e+02]
 [-3.46831844e-03  3.78053395e+00 -2.24763999e+02]
 [ 2.55732131e-04  8.22182687e-03  1.00000000e+00]]
H:
[[   2.2710117     1.05329769 -154.13837704]
 [  -0.00346832    3.78053395 -224.76399889]
 [   0.00025573    0.00822183    1.        ]]
H_inverse:
[[ 4.37032105e-01 -1.80185563e-01  2.68641917e+01]
 [-4.19375444e-03  1.79396141e-01  3.96753756e+01]
 [-7.72828284e-05 -1.42888478e-03  6.66925894e-01]]
H_inverse:
[[ 0.4370321  -0.18018556 26.8641917 ]
 [-0.00419375  0.17939614 39.6753756 ]
 [-0.00007728 -0.00142888  0.66692589]]
H_four_points:
[[-26 -53]
 [ 26 -50]
 [-75 -55]
 [ 78 -54]]