Model Output: [-25.673643112182617, -50.25221252441406, 24.96938705444336, -51.461647033691406, -68.6478500366211, -49.81916809082031, 79.32528686523438, -55.65168762207031]
Target: [-31.222049713134766, -60.578983306884766, 35.03031921386719, -73.61453247070312, -105.09097290039062, -73.61453247070312, 93.66609954833984, -60.578983306884766]
Out2: [-25.673643112182617, -50.25221252441406, 24.96938705444336, -51.461647033691406, -68.6478500366211, -49.81916809082031, 79.32528686523438, -55.65168762207031]
out2 * 2: [-51.347286224365234, -100.50442504882812, 49.93877410888672, -102.92329406738281, -137.2957000732422, -99.63833618164062, 158.65057373046875, -111.30337524414062]
Loss: 34.77566146850586
H:
[[ 1.92319238e+00  8.70688967e-01 -1.25126502e+02]
 [-3.44913722e-02  3.18817398e+00 -1.82058143e+02]
 [-1.72705619e-04  6.62085714e-03  1.00000000e+00]]
H:
[[   1.92319238    0.87068897 -125.12650188]
 [  -0.03449137    3.18817398 -182.0581431 ]
 [  -0.00017271    0.00662086    1.        ]]
H_inverse:
[[ 5.18919510e-01 -2.00683415e-01  2.83945333e+01]
 [ 7.78739647e-03  2.24594477e-01  4.18636631e+01]
 [ 3.80610759e-05 -1.52166710e-03  7.27730563e-01]]
H_inverse:
[[ 0.51891951 -0.20068341 28.39453325]
 [ 0.0077874   0.22459448 41.86366309]
 [ 0.00003806 -0.00152167  0.72773056]]
H_four_points:
[[-26 -50]
 [ 25 -51]
 [-69 -50]
 [ 79 -56]]