Model Output: [-20.63416290283203, -49.9379768371582, 23.075424194335938, -41.22581481933594, -75.69452667236328, -48.35629653930664, 73.14986419677734, -48.857421875]
Target: [-11.882572174072266, -17.822486877441406, 21.771299362182617, -55.42959976196289, -65.31390380859375, -55.42959976196289, 35.647701263427734, -17.822486877441406]
Out2: [-20.63416290283203, -49.9379768371582, 23.075424194335938, -41.22581481933594, -75.69452667236328, -48.35629653930664, 73.14986419677734, -48.857421875]
out2 * 2: [-41.26832580566406, -99.8759536743164, 46.150848388671875, -82.45162963867188, -151.38905334472656, -96.71259307861328, 146.2997283935547, -97.71484375]
Loss: 60.092918395996094
H:
[[ 2.22456558e+00  9.25312157e-01 -1.36475902e+02]
 [ 1.18004688e-02  3.70027297e+00 -2.16372053e+02]
 [ 3.92340644e-04  7.64409602e-03  1.00000000e+00]]
H:
[[   2.22456558    0.92531216 -136.47590153]
 [   0.01180047    3.70027297 -216.3720527 ]
 [   0.00039234    0.0076441     1.        ]]
H_inverse:
[[ 4.45918807e-01 -1.63947054e-01  2.53836107e+01]
 [-8.05282843e-03  1.89728523e-01  3.99529329e+01]
 [-1.13395478e-04 -1.38597995e-03  6.84636922e-01]]
H_inverse:
[[ 0.44591881 -0.16394705 25.38361068]
 [-0.00805283  0.18972852 39.95293293]
 [-0.0001134  -0.00138598  0.68463692]]
H_four_points:
[[-21 -50]
 [ 23 -41]
 [-76 -48]
 [ 73 -49]]