Model Output: [-28.850818634033203, -58.16516876220703, 23.4769344329834, -50.704254150390625, -72.77925109863281, -55.05873107910156, 81.29193878173828, -56.546077728271484]
Target: [-34.602230072021484, -68.91463470458984, 36.36058044433594, -74.51854705810547, -109.08175659179688, -74.51854705810547, 103.80667114257812, -68.91463470458984]
Out2: [-28.850818634033203, -58.16516876220703, 23.4769344329834, -50.704254150390625, -72.77925109863281, -55.05873107910156, 81.29193878173828, -56.546077728271484]
out2 * 2: [-57.701637268066406, -116.33033752441406, 46.9538688659668, -101.40850830078125, -145.55850219726562, -110.11746215820312, 162.58387756347656, -113.09215545654297]
Loss: 35.37859344482422
H:
[[ 2.26602148e+00  9.92720664e-01 -1.55410889e+02]
 [ 7.59004425e-03  3.67578205e+00 -2.26624624e+02]
 [ 2.36897138e-04  7.86516002e-03  1.00000000e+00]]
H:
[[   2.26602148    0.99272066 -155.41088933]
 [   0.00759004    3.67578205 -226.62462423]
 [   0.0002369     0.00786516    1.        ]]
H_inverse:
[[ 4.38987234e-01 -1.78149553e-01  2.78503209e+01]
 [-4.92829429e-03  1.85209875e-01  4.12072078e+01]
 [-6.52329959e-05 -1.41450219e-03  6.69301055e-01]]
H_inverse:
[[ 0.43898723 -0.17814955 27.85032092]
 [-0.00492829  0.18520988 41.20720783]
 [-0.00006523 -0.0014145   0.66930106]]
H_four_points:
[[-29 -58]
 [ 23 -51]
 [-73 -55]
 [ 81 -57]]