Model Output: [-24.76637077331543, -54.51922607421875, 22.20124626159668, -54.000057220458984, -75.17683410644531, -56.593116760253906, 79.89128112792969, -56.59634780883789]
Target: [-38.42913818359375, -78.53436279296875, 37.67692947387695, -75.23101806640625, -113.03085327148438, -75.23101806640625, 115.2873764038086, -78.53436279296875]
Out2: [-24.76637077331543, -54.51922607421875, 22.20124626159668, -54.000057220458984, -75.17683410644531, -56.593116760253906, 79.89128112792969, -56.59634780883789]
out2 * 2: [-49.53274154663086, -109.0384521484375, 44.40249252319336, -108.00011444091797, -150.35366821289062, -113.18623352050781, 159.78256225585938, -113.19269561767578]
Loss: 29.44173812866211
H:
[[ 2.13945533e+00  9.16203213e-01 -1.37612994e+02]
 [-1.08359816e-02  3.48174876e+00 -2.08765537e+02]
 [ 1.10346045e-04  7.48146186e-03  1.00000000e+00]]
H:
[[   2.13945533    0.91620321 -137.61299435]
 [  -0.01083598    3.48174876 -208.76553672]
 [   0.00011035    0.00748146    1.        ]]
H_inverse:
[[ 4.65130637e-01 -1.79440107e-01  2.65471095e+01]
 [-1.12514663e-03  1.98704347e-01  4.13277849e+01]
 [-4.29075847e-05 -1.46679849e-03  6.87878385e-01]]
H_inverse:
[[ 0.46513064 -0.17944011 26.54710946]
 [-0.00112515  0.19870435 41.32778494]
 [-0.00004291 -0.0014668   0.68787838]]
H_four_points:
[[-25 -55]
 [ 22 -54]
 [-75 -57]
 [ 80 -57]]