Model Output: [-27.484556198120117, -56.09170150756836, 23.204029083251953, -53.125343322753906, -78.35665893554688, -47.414310455322266, 77.73690032958984, -56.8669548034668]
Target: [-42.80880355834961, -89.73919677734375, 38.982791900634766, -75.75623321533203, -116.94840240478516, -75.75623321533203, 128.42636108398438, -89.73919677734375]
Out2: [-27.484556198120117, -56.09170150756836, 23.204029083251953, -53.125343322753906, -78.35665893554688, -47.414310455322266, 77.73690032958984, -56.8669548034668]
out2 * 2: [-54.969112396240234, -112.18340301513672, 46.408058166503906, -106.25068664550781, -156.71331787109375, -94.82862091064453, 155.4738006591797, -113.7339096069336]
Loss: 22.800460815429688
H:
[[ 1.90490254e+00  9.03352312e-01 -1.26517919e+02]
 [-7.78219085e-03  3.36530986e+00 -2.03376821e+02]
 [-3.09219950e-04  7.15482474e-03  1.00000000e+00]]
H:
[[   1.90490254    0.90335231 -126.5179185 ]
 [  -0.00778219    3.36530986 -203.37682148]
 [  -0.00030922    0.00715482    1.        ]]
H_inverse:
[[ 5.28458747e-01 -1.98270979e-01  2.65357792e+01]
 [ 7.74750987e-03  2.04543374e-01  4.25795802e+01]
 [ 1.07977912e-04 -1.52478134e-03  7.03555959e-01]]
H_inverse:
[[ 0.52845875 -0.19827098 26.53577922]
 [ 0.00774751  0.20454337 42.57958016]
 [ 0.00010798 -0.00152478  0.70355596]]
H_four_points:
[[-27 -56]
 [ 23 -53]
 [-78 -47]
 [ 78 -57]]