Model Output: [-20.443056106567383, -50.86464309692383, 24.56448745727539, -51.471405029296875, -77.4710464477539, -49.38308334350586, 73.52465057373047, -54.49979782104492]
Target: [-47.883399963378906, -102.93311309814453, 40.281368255615234, -76.09725952148438, -120.8441162109375, -76.09725952148438, 143.650146484375, -102.93311309814453]
Out2: [-20.443056106567383, -50.86464309692383, 24.56448745727539, -51.471405029296875, -77.4710464477539, -49.38308334350586, 73.52465057373047, -54.49979782104492]
out2 * 2: [-40.886112213134766, -101.72928619384766, 49.12897491455078, -102.94281005859375, -154.9420928955078, -98.76616668701172, 147.04930114746094, -108.99959564208984]
Loss: 13.765849113464355
H:
[[ 1.90082875e+00  8.74208529e-01 -1.14386314e+02]
 [-1.84470486e-02  3.31567434e+00 -1.92345071e+02]
 [-1.61038184e-04  6.98492727e-03  1.00000000e+00]]
H:
[[   1.90082875    0.87420853 -114.38631425]
 [  -0.01844705    3.31567434 -192.34507073]
 [  -0.00016104    0.00698493    1.        ]]
H_inverse:
[[ 5.26272473e-01 -1.88992718e-01  2.38465507e+01]
 [ 5.58238832e-03  2.12624827e-01  4.15358863e+01]
 [ 4.57573867e-05 -1.51560400e-03  7.13715060e-01]]
H_inverse:
[[ 0.52627247 -0.18899272 23.84655067]
 [ 0.00558239  0.21262483 41.53588629]
 [ 0.00004576 -0.0015156   0.71371506]]
H_four_points:
[[-20 -51]
 [ 25 -51]
 [-77 -49]
 [ 74 -54]]