Model Output: [-22.356435775756836, -52.27259826660156, 24.41087532043457, -50.3805046081543, -73.13764953613281, -50.15615463256836, 64.75285339355469, -51.465457916259766]
Target: [-53.847984313964844, -118.6708984375, 41.57592010498047, -76.2561264038086, -124.72776794433594, -76.2561264038086, 161.5439453125, -118.6708984375]
Out2: [-22.356435775756836, -52.27259826660156, 24.41087532043457, -50.3805046081543, -73.13764953613281, -50.15615463256836, 64.75285339355469, -51.465457916259766]
out2 * 2: [-44.71287155151367, -104.54519653320312, 48.82175064086914, -100.7610092163086, -146.27529907226562, -100.31230926513672, 129.50570678710938, -102.93091583251953]
Loss: 18.549182891845703
H:
[[ 1.89835436e+00  8.16289636e-01 -1.14488388e+02]
 [ 5.78923464e-03  3.14850135e+00 -1.84946361e+02]
 [ 2.14416098e-05  6.39553324e-03  1.00000000e+00]]
H:
[[   1.89835436    0.81628964 -114.48838755]
 [   0.00578923    3.14850135 -184.94636091]
 [   0.00002144    0.00639553    1.        ]]
H_inverse:
[[ 5.27058741e-01 -1.88429919e-01  2.54926776e+01]
 [-1.18701207e-03  2.31300234e-01  4.26422374e+01]
 [-3.70941271e-06 -1.47524809e-03  7.26733549e-01]]
H_inverse:
[[ 0.52705874 -0.18842992 25.49267761]
 [-0.00118701  0.23130023 42.64223741]
 [-0.00000371 -0.00147525  0.72673355]]
H_four_points:
[[-22 -52]
 [ 24 -50]
 [-73 -50]
 [ 65 -51]]