Model Output: [-23.152549743652344, -53.31364059448242, 19.5253849029541, -45.773780822753906, -73.31061553955078, -46.91149139404297, 74.55438232421875, -48.19636917114258]
Target: [-60.97798156738281, -137.7359161376953, 42.86957550048828, -76.23359680175781, -128.60877990722656, -76.23359680175781, 182.93389892578125, -137.7359161376953]
Out2: [-23.152549743652344, -53.31364059448242, 19.5253849029541, -45.773780822753906, -73.31061553955078, -46.91149139404297, 74.55438232421875, -48.19636917114258]
out2 * 2: [-46.30509948730469, -106.62728118896484, 39.0507698059082, -91.54756164550781, -146.62123107910156, -93.82298278808594, 149.1087646484375, -96.39273834228516]
Loss: 21.960556030273438
H:
[[ 2.05568507e+00  8.08425127e-01 -1.24199451e+02]
 [ 3.06784359e-02  3.32815131e+00 -1.99108040e+02]
 [ 1.57696110e-04  6.74154242e-03  1.00000000e+00]]
H:
[[   2.05568507    0.80842513 -124.19945091]
 [   0.03067844    3.32815131 -199.10803951]
 [   0.0001577     0.00674154    1.        ]]
H_inverse:
[[ 4.86997928e-01 -1.71603014e-01  2.63173355e+01]
 [-6.47290774e-03  2.16393139e-01  4.22816821e+01]
 [-3.31602966e-05 -1.43176240e-03  7.10806105e-01]]
H_inverse:
[[ 0.48699793 -0.17160301 26.31733551]
 [-0.00647291  0.21639314 42.28168209]
 [-0.00003316 -0.00143176  0.71080611]]
H_four_points:
[[-23 -53]
 [ 20 -46]
 [-73 -47]
 [ 75 -48]]