Model Output: [-23.78858184814453, -49.15061569213867, 16.736087799072266, -43.15619659423828, -63.59218978881836, -45.728515625, 68.85348510742188, -49.125484466552734]
Target: [-69.67487335205078, -161.2708740234375, 44.16550827026367, -76.02947998046875, -132.49658203125, -76.02947998046875, 209.0245361328125, -161.2708740234375]
Out2: [-23.78858184814453, -49.15061569213867, 16.736087799072266, -43.15619659423828, -63.59218978881836, -45.728515625, 68.85348510742188, -49.125484466552734]
out2 * 2: [-47.57716369628906, -98.30123138427734, 33.47217559814453, -86.31239318847656, -127.18437957763672, -91.45703125, 137.70697021484375, -98.25096893310547]
Loss: 32.640098571777344
H:
[[ 1.88713204e+00  6.48104686e-01 -1.08286744e+02]
 [ 1.84238261e-03  2.85823485e+00 -1.62806790e+02]
 [ 1.22825508e-04  5.33358329e-03  1.00000000e+00]]
H:
[[   1.88713204    0.64810469 -108.28674395]
 [   0.00184238    2.85823485 -162.8067902 ]
 [   0.00012283    0.00533358    1.        ]]
H_inverse:
[[ 5.28192385e-01 -1.73720975e-01  2.89132793e+01]
 [-3.09541427e-03  2.69360742e-01  4.35185655e+01]
 [-4.83658479e-05 -1.41532058e-03  7.64338818e-01]]
H_inverse:
[[ 0.52819238 -0.17372097 28.91327927]
 [-0.00309541  0.26936074 43.51856548]
 [-0.00004837 -0.00141532  0.76433882]]
H_four_points:
[[-24 -49]
 [ 17 -43]
 [-64 -46]
 [ 69 -49]]