Model Output: [-22.201711654663086, -47.240272521972656, 21.451242446899414, -44.831451416015625, -60.060054779052734, -45.13691329956055, 70.58529663085938, -47.4766960144043]
Target: [-80.5480728149414, -191.01055908203125, 45.46689987182617, -75.6423568725586, -136.4007568359375, -75.6423568725586, 241.6441650390625, -191.01055908203125]
Out2: [-22.201711654663086, -47.240272521972656, 21.451242446899414, -44.831451416015625, -60.060054779052734, -45.13691329956055, 70.58529663085938, -47.4766960144043]
out2 * 2: [-44.40342330932617, -94.48054504394531, 42.90248489379883, -89.66290283203125, -120.12010955810547, -90.2738265991211, 141.17059326171875, -94.9533920288086]
Loss: 47.087806701660156
H:
[[ 1.81425261e+00  6.62874287e-01 -1.02642586e+02]
 [-2.08166817e-15  2.76259506e+00 -1.54182510e+02]
 [-6.93889390e-18  5.16872624e-03  1.00000000e+00]]
H:
[[   1.81425261    0.66287429 -102.64258555]
 [  -0.            2.76259506 -154.18250951]
 [  -0.            0.00516873    1.        ]]
H_inverse:
[[ 5.51191158e-01 -1.84798586e-01  2.80829759e+01]
 [ 4.88012768e-16  2.80936579e-01  4.33155067e+01]
 [ 1.30225257e-18 -1.45208427e-03  7.76114004e-01]]
H_inverse:
[[ 0.55119116 -0.18479859 28.08297588]
 [ 0.          0.28093658 43.31550673]
 [ 0.         -0.00145208  0.776114  ]]
H_four_points:
[[-22 -47]
 [ 21 -45]
 [-60 -45]
 [ 71 -47]]