Model Output: [-17.49862289428711, -46.59125518798828, 17.255611419677734, -43.687660217285156, -57.598602294921875, -40.12797927856445, 64.23997497558594, -48.78447723388672]
Target: [-94.56956481933594, -229.72239685058594, 46.7769889831543, -75.0697021484375, -140.3310089111328, -75.0697021484375, 283.7085876464844, -229.72239685058594]
Out2: [-17.49862289428711, -46.59125518798828, 17.255611419677734, -43.687660217285156, -57.598602294921875, -40.12797927856445, 64.23997497558594, -48.78447723388672]
out2 * 2: [-34.99724578857422, -93.18251037597656, 34.51122283935547, -87.37532043457031, -115.19720458984375, -80.2559585571289, 128.47994995117188, -97.56895446777344]
Loss: 67.2982177734375
H:
[[ 1.58071787e+00  4.97922436e-01 -7.42315543e+01]
 [-1.23612940e-02  2.39620199e+00 -1.31297204e+02]
 [-1.72474728e-04  4.09582091e-03  1.00000000e+00]]
H:
[[   1.58071787    0.49792244  -74.23155428]
 [  -0.01236129    2.39620199 -131.29720361]
 [  -0.00017247    0.00409582    1.        ]]
H_inverse:
[[ 6.33921083e-01 -1.73273770e-01  2.43065858e+01]
 [ 7.56364209e-03  3.38767484e-01  4.50406842e+01]
 [ 7.83560429e-05 -1.41741629e-03  8.19713696e-01]]
H_inverse:
[[ 0.63392108 -0.17327377 24.30658579]
 [ 0.00756364  0.33876748 45.04068419]
 [ 0.00007836 -0.00141742  0.8197137 ]]
H_four_points:
[[-17 -47]
 [ 17 -44]
 [-58 -40]
 [ 64 -49]]