Model Output: [-19.124889373779297, -46.547367095947266, 15.476081848144531, -36.08796691894531, -59.49355697631836, -35.11559295654297, 63.11748123168945, -42.30386734008789]
Target: [-113.39070129394531, -282.10858154296875, 48.099090576171875, -74.307861328125, -144.29730224609375, -74.307861328125, 340.1719970703125, -282.10858154296875]
Out2: [-19.124889373779297, -46.547367095947266, 15.476081848144531, -36.08796691894531, -59.49355697631836, -35.11559295654297, 63.11748123168945, -42.30386734008789]
out2 * 2: [-38.249778747558594, -93.09473419189453, 30.952163696289062, -72.17593383789062, -118.98711395263672, -70.23118591308594, 126.2349624633789, -84.60773468017578]
Loss: 90.53230285644531
H:
[[ 1.71395190e+00  5.12063855e-01 -8.48271499e+01]
 [ 2.63284545e-02  2.56517367e+00 -1.44081834e+02]
 [ 5.96374046e-05  4.32850785e-03  1.00000000e+00]]
H:
[[   1.7139519     0.51206385  -84.82714995]
 [   0.02632845    2.56517367 -144.0818342 ]
 [   0.00005964    0.00432851    1.        ]]
H_inverse:
[[ 5.85006688e-01 -1.61300575e-01  2.63839673e+01]
 [-6.40644688e-03  3.15360757e-01  4.48943157e+01]
 [-7.15792491e-06 -1.35542196e-03  8.04101131e-01]]
H_inverse:
[[ 0.58500669 -0.16130058 26.38396729]
 [-0.00640645  0.31536076 44.89431569]
 [-0.00000716 -0.00135542  0.80410113]]
H_four_points:
[[-19 -47]
 [ 15 -36]
 [-59 -35]
 [ 63 -42]]