Model Output: [-25.395849227905273, -51.42900466918945, 23.670259475708008, -34.71364974975586, -72.99776458740234, -43.37040710449219, 70.69254302978516, -50.78618240356445]
Target: [-13.427013397216797, -20.775650024414062, 23.416690826416016, -58.500850677490234, -70.25006103515625, -58.500850677490234, 40.28104019165039, -20.775650024414062]
Out2: [-25.395849227905273, -51.42900466918945, 23.670259475708008, -34.71364974975586, -72.99776458740234, -43.37040710449219, 70.69254302978516, -50.78618240356445]
out2 * 2: [-50.79169845581055, -102.8580093383789, 47.340518951416016, -69.42729949951172, -145.9955291748047, -86.74081420898438, 141.3850860595703, -101.5723648071289]
Loss: 55.02293395996094
H:
[[ 2.23053074e+00  9.49461827e-01 -1.44756108e+02]
 [ 5.27792131e-03  3.74185821e+00 -2.20228907e+02]
 [ 4.05993947e-04  7.51204141e-03  1.00000000e+00]]
H:
[[   2.23053074    0.94946183 -144.75610836]
 [   0.00527792    3.74185821 -220.22890677]
 [   0.00040599    0.00751204    1.        ]]
H_inverse:
[[ 4.43742530e-01 -1.67496364e-01  2.73469007e+01]
 [-7.78650901e-03  1.88253788e-01  4.03317812e+01]
 [-1.21664203e-04 -1.34616774e-03  6.85923313e-01]]
H_inverse:
[[ 0.44374253 -0.16749636 27.34690068]
 [-0.00778651  0.18825379 40.33178123]
 [-0.00012166 -0.00134617  0.68592331]]
H_four_points:
[[-25 -51]
 [ 24 -35]
 [-73 -43]
 [ 71 -51]]