Model Output: [-15.018174171447754, -39.37247848510742, 17.11181640625, -35.83047866821289, -39.81142807006836, -34.918697357177734, 44.33713150024414, -26.541759490966797]
Target: [0.0, 0.0, 0.0, 0.0, 0.0, 0.0, 0.0, 0.0]
Out2: [-15.018174171447754, -39.37247848510742, 17.11181640625, -35.83047866821289, -39.81142807006836, -34.918697357177734, 44.33713150024414, -26.541759490966797]
out2 * 2: [-30.036348342895508, -78.74495697021484, 34.2236328125, -71.66095733642578, -79.62285614013672, -69.83739471435547, 88.67426300048828, -53.083518981933594]
Loss: 63.23548889160156
H:
[[ 1.53698962e+00  3.75330238e-01 -6.40108688e+01]
 [ 6.30664308e-02  1.99916593e+00 -1.02198381e+02]
 [ 1.95148935e-04  2.79515782e-03  1.00000000e+00]]
H:
[[   1.53698962    0.37533024  -64.01086884]
 [   0.06306643    1.99916593 -102.19838052]
 [   0.00019515    0.00279516    1.        ]]
H_inverse:
[[ 6.53874820e-01 -1.58616237e-01  2.56447727e+01]
 [-2.37560128e-02  4.43432694e-01  4.37974602e+01]
 [-6.12011694e-05 -1.20851057e-03  8.72574636e-01]]
H_inverse:
[[ 0.65387482 -0.15861624 25.64477273]
 [-0.02375601  0.44343269 43.79746021]
 [-0.0000612  -0.00120851  0.87257464]]
H_four_points:
[[-15 -39]
 [ 17 -36]
 [-40 -35]
 [ 44 -27]]