Model Output: [-16.68576431274414, -45.0535774230957, 23.803791046142578, -26.19683265686035, -58.99501419067383, -33.07538986206055, 69.13014221191406, -47.48056411743164]
Target: [-0.9954100251197815, -1.076645016670227, 2.8348500728607178, -8.407469749450684, -8.504520416259766, -8.407469749450684, 2.9862399101257324, -1.076645016670227]
Out2: [-16.68576431274414, -45.0535774230957, 23.803791046142578, -26.19683265686035, -58.99501419067383, -33.07538986206055, 69.13014221191406, -47.48056411743164]
out2 * 2: [-33.37152862548828, -90.1071548461914, 47.607582092285156, -52.3936653137207, -117.99002838134766, -66.1507797241211, 138.26028442382812, -94.96112823486328]
Loss: 75.8191146850586
H:
[[ 1.90655384e+00  6.88989341e-01 -1.02285212e+02]
 [-6.57848419e-03  3.03405893e+00 -1.67955313e+02]
 [ 2.37145949e-04  5.35778469e-03  1.00000000e+00]]
H:
[[   1.90655384    0.68898934 -102.28521247]
 [  -0.00657848    3.03405893 -167.95531281]
 [   0.00023715    0.00535778    1.        ]]
H_inverse:
[[ 5.20737172e-01 -1.63744220e-01  2.57620006e+01]
 [-4.40151996e-03  2.55582944e-01  4.24763030e+01]
 [-9.99083144e-05 -1.33052711e-03  7.66311760e-01]]
H_inverse:
[[ 0.52073717 -0.16374422 25.76200057]
 [-0.00440152  0.25558294 42.47630298]
 [-0.00009991 -0.00133053  0.76631176]]
H_four_points:
[[-17 -45]
 [ 24 -26]
 [-59 -33]
 [ 69 -47]]