Model Output: [-21.861621856689453, -46.26445770263672, 22.690576553344727, -30.172027587890625, -62.98179244995117, -37.618770599365234, 69.6708984375, -47.51652526855469]
Target: [-2.02059006690979, -2.278594970703125, 5.468929767608643, -15.967379570007324, -16.40679931640625, -15.967379570007324, 6.061769962310791, -2.278594970703125]
Out2: [-21.861621856689453, -46.26445770263672, 22.690576553344727, -30.172027587890625, -62.98179244995117, -37.618770599365234, 69.6708984375, -47.51652526855469]
out2 * 2: [-43.723243713378906, -92.52891540527344, 45.38115310668945, -60.34405517578125, -125.96358489990234, -75.23754119873047, 139.341796875, -95.03305053710938]
Loss: 76.3879165649414
H:
[[ 2.02319513e+00  7.65631943e-01 -1.19626148e+02]
 [-6.10053636e-03  3.21996098e+00 -1.80461875e+02]
 [ 3.02993637e-04  5.96887546e-03  1.00000000e+00]]
H:
[[   2.02319513    0.76563194 -119.6261485 ]
 [  -0.00610054    3.21996098 -180.46187537]
 [   0.00030299    0.00596888    1.        ]]
H_inverse:
[[ 4.89544866e-01 -1.68569514e-01  2.81419963e+01]
 [-5.53423334e-03  2.34619904e-01  4.16779089e+01]
 [-1.15295830e-04 -1.34934150e-03  7.42702906e-01]]
H_inverse:
[[ 0.48954487 -0.16856951 28.14199626]
 [-0.00553423  0.2346199  41.67790893]
 [-0.0001153  -0.00134934  0.74270291]]
H_four_points:
[[-22 -46]
 [ 23 -30]
 [-63 -38]
 [ 70 -48]]