Model Output: [-21.33987045288086, -50.48566818237305, 19.534530639648438, -29.494497299194336, -66.38717651367188, -36.7317008972168, 70.22842407226562, -47.41819381713867]
Target: [-3.0794999599456787, -3.61468505859375, 7.9286041259765625, -22.78260040283203, -23.78580093383789, -22.78260040283203, 9.238499641418457, -3.61468505859375]
Out2: [-21.33987045288086, -50.48566818237305, 19.534530639648438, -29.494497299194336, -66.38717651367188, -36.7317008972168, 70.22842407226562, -47.41819381713867]
out2 * 2: [-42.67974090576172, -100.9713363647461, 39.069061279296875, -58.98899459838867, -132.77435302734375, -73.4634017944336, 140.45684814453125, -94.83638763427734]
Loss: 73.30165100097656
H:
[[ 2.08000906e+00  7.38229862e-01 -1.19477989e+02]
 [ 2.35956752e-02  3.30397634e+00 -1.93140185e+02]
 [ 4.11857072e-04  6.08861620e-03  1.00000000e+00]]
H:
[[   2.08000906    0.73822986 -119.47798883]
 [   0.02359568    3.30397634 -193.14018482]
 [   0.00041186    0.00608862    1.        ]]
H_inverse:
[[ 4.77219376e-01 -1.56130358e-01  2.68621651e+01]
 [-1.09870572e-02  2.26812235e-01  4.24938455e+01]
 [-1.29650200e-04 -1.31666926e-03  7.30207911e-01]]
H_inverse:
[[ 0.47721938 -0.15613036 26.86216514]
 [-0.01098706  0.22681223 42.49384549]
 [-0.00012965 -0.00131667  0.73020791]]
H_four_points:
[[-21 -50]
 [ 20 -29]
 [-66 -37]
 [ 70 -47]]