Model Output: [-18.270172119140625, -49.6628532409668, 25.025381088256836, -30.99798583984375, -67.968994140625, -36.500064849853516, 68.29957580566406, -48.480587005615234]
Target: [-4.176519870758057, -5.095180034637451, 10.236029624938965, -28.939239501953125, -30.7081298828125, -28.939239501953125, 12.529500007629395, -5.095180034637451]
Out2: [-18.270172119140625, -49.6628532409668, 25.025381088256836, -30.99798583984375, -67.968994140625, -36.500064849853516, 68.29957580566406, -48.480587005615234]
out2 * 2: [-36.54034423828125, -99.3257064819336, 50.05076217651367, -61.9959716796875, -135.93798828125, -73.00012969970703, 136.59915161132812, -96.96117401123047]
Loss: 70.5865249633789
H:
[[ 2.02926932e+00  8.08520860e-01 -1.15897140e+02]
 [ 1.61342850e-02  3.38092114e+00 -1.97409373e+02]
 [ 3.10772325e-04  6.38808328e-03  1.00000000e+00]]
H:
[[   2.02926932    0.80852086 -115.89714037]
 [   0.01613429    3.38092114 -197.40937262]
 [   0.00031077    0.00638808    1.        ]]
H_inverse:
[[ 4.90332326e-01 -1.63608035e-01  2.45303549e+01]
 [-8.18458284e-03  2.18155843e-01  4.21174384e+01]
 [-1.00097920e-04 -1.34275284e-03  7.23326941e-01]]
H_inverse:
[[ 0.49033233 -0.16360803 24.53035488]
 [-0.00818458  0.21815584 42.11743838]
 [-0.0001001  -0.00134275  0.72332694]]
H_four_points:
[[-18 -50]
 [ 25 -31]
 [-68 -37]
 [ 68 -48]]