Model Output: [-17.27330207824707, -53.38644790649414, 24.488935470581055, -33.490638732910156, -72.51573181152344, -35.24452590942383, 69.82330322265625, -50.42776870727539]
Target: [-5.316530227661133, -6.731864929199219, 12.410039901733398, -34.50986099243164, -37.230159759521484, -34.50986099243164, 15.949520111083984, -6.731864929199219]
Out2: [-17.27330207824707, -53.38644790649414, 24.488935470581055, -33.490638732910156, -72.51573181152344, -35.24452590942383, 69.82330322265625, -50.42776870727539]
out2 * 2: [-34.54660415649414, -106.77289581298828, 48.97787094116211, -66.98127746582031, -145.03146362304688, -70.48905181884766, 139.6466064453125, -100.85553741455078]
Loss: 69.98895263671875
H:
[[ 1.97944555e+00  8.11641390e-01 -1.11274044e+02]
 [ 1.89235530e-02  3.44356860e+00 -2.05835440e+02]
 [ 1.52104085e-04  6.61502365e-03  1.00000000e+00]]
H:
[[   1.97944555    0.81164139 -111.27404369]
 [   0.01892355    3.4435686  -205.83543986]
 [   0.0001521     0.00661502    1.        ]]
H_inverse:
[[ 5.05001706e-01 -1.62658421e-01  2.27127144e+01]
 [-5.27914762e-03  2.09809356e-01  4.25987690e+01]
 [-4.18911360e-05 -1.36315284e-03  7.14753439e-01]]
H_inverse:
[[ 0.50500171 -0.16265842 22.71271439]
 [-0.00527915  0.20980936 42.59876899]
 [-0.00004189 -0.00136315  0.71475344]]
H_four_points:
[[-17 -53]
 [ 24 -33]
 [-73 -35]
 [ 70 -50]]