Model Output: [-19.27297592163086, -52.399837493896484, 26.874099731445312, -33.76185607910156, -69.63114166259766, -37.65716552734375, 68.88392639160156, -47.29672622680664]
Target: [-6.505040168762207, -8.538475036621094, 14.466705322265625, -39.555660247802734, -43.400150299072266, -39.555660247802734, 19.515100479125977, -8.538475036621094]
Out2: [-19.27297592163086, -52.399837493896484, 26.874099731445312, -33.76185607910156, -69.63114166259766, -37.65716552734375, 68.88392639160156, -47.29672622680664]
out2 * 2: [-38.54595184326172, -104.79967498779297, 53.748199462890625, -67.52371215820312, -139.2622833251953, -75.3143310546875, 137.76785278320312, -94.59345245361328]
Loss: 66.43502044677734
H:
[[ 2.07855285e+00  8.90243119e-01 -1.24276361e+02]
 [ 3.35915065e-02  3.53635290e+00 -2.10949354e+02]
 [ 2.97902634e-04  6.89882672e-03  1.00000000e+00]]
H:
[[   2.07855285    0.89024312 -124.27636143]
 [   0.03359151    3.5363529  -210.94935408]
 [   0.0002979     0.00689883    1.        ]]
H_inverse:
[[ 4.80350514e-01 -1.68173165e-01  2.42201937e+01]
 [-9.27989866e-03  2.03583260e-01  4.17924852e+01]
 [-7.90772705e-05 -1.35438641e-03  7.04465627e-01]]
H_inverse:
[[ 0.48035051 -0.16817316 24.22019366]
 [-0.0092799   0.20358326 41.79248516]
 [-0.00007908 -0.00135439  0.70446563]]
H_four_points:
[[-19 -52]
 [ 27 -34]
 [-70 -38]
 [ 69 -47]]