Model Output: [-22.76860809326172, -53.114349365234375, 23.565929412841797, -36.54072570800781, -74.9337158203125, -40.726844787597656, 73.76455688476562, -50.45409393310547]
Target: [-7.748276233673096, -10.530830383300781, 16.419889450073242, -44.12894058227539, -49.25967025756836, -44.12894058227539, 23.244840621948242, -10.530830383300781]
Out2: [-22.76860809326172, -53.114349365234375, 23.565929412841797, -36.54072570800781, -74.9337158203125, -40.726844787597656, 73.76455688476562, -50.45409393310547]
out2 * 2: [-45.53721618652344, -106.22869873046875, 47.131858825683594, -73.08145141601562, -149.867431640625, -81.45368957519531, 147.52911376953125, -100.90818786621094]
Loss: 68.21817779541016
H:
[[ 2.17809366e+00  9.43185943e-01 -1.38156362e+02]
 [ 2.13813605e-02  3.74253415e+00 -2.24362279e+02]
 [ 2.69505130e-04  7.58321311e-03  1.00000000e+00]]
H:
[[   2.17809366    0.94318594 -138.15636164]
 [   0.02138136    3.74253415 -224.36227901]
 [   0.00026951    0.00758321    1.        ]]
H_inverse:
[[ 4.57583091e-01 -1.67339239e-01  2.56734019e+01]
 [-6.87966019e-03  1.86207034e-01  4.08273657e+01]
 [-7.11510609e-05 -1.36694884e-03  6.83478272e-01]]
H_inverse:
[[ 0.45758309 -0.16733924 25.67340192]
 [-0.00687966  0.18620703 40.82736571]
 [-0.00007115 -0.00136695  0.68347827]]
H_four_points:
[[-23 -53]
 [ 24 -37]
 [-75 -41]
 [ 74 -50]]