Model Output: [-25.808076858520508, -54.70600509643555, 21.617273330688477, -37.277381896972656, -68.716552734375, -39.7918701171875, 75.69291687011719, -53.80049514770508]
Target: [-9.053330421447754, -12.727370262145996, 18.28158950805664, -48.274349212646484, -54.84479904174805, -48.274349212646484, 27.159969329833984, -12.727370262145996]
Out2: [-25.808076858520508, -54.70600509643555, 21.617273330688477, -37.277381896972656, -68.716552734375, -39.7918701171875, 75.69291687011719, -53.80049514770508]
out2 * 2: [-51.616153717041016, -109.4120101928711, 43.23454666137695, -74.55476379394531, -137.43310546875, -79.583740234375, 151.38583374023438, -107.60099029541016]
Loss: 65.43475341796875
H:
[[ 2.07649161e+00  8.47854318e-01 -1.32433376e+02]
 [ 7.20544699e-03  3.44285069e+00 -2.07842464e+02]
 [ 1.57995732e-04  6.71896296e-03  1.00000000e+00]]
H:
[[   2.07649161    0.84785432 -132.43337604]
 [   0.00720545    3.44285069 -207.84246436]
 [   0.000158      0.00671896    1.        ]]
H_inverse:
[[ 4.80068292e-01 -1.72378985e-01  2.77493915e+01]
 [-3.97238255e-03  2.08066268e-01  4.27189299e+01]
 [-4.91584499e-05 -1.37075440e-03  7.08588807e-01]]
H_inverse:
[[ 0.48006829 -0.17237899 27.74939153]
 [-0.00397238  0.20806627 42.71892989]
 [-0.00004916 -0.00137075  0.70858881]]
H_four_points:
[[-26 -55]
 [ 22 -37]
 [-69 -40]
 [ 76 -54]]