Model Output: [-27.257015228271484, -53.5566520690918, 24.915203094482422, -46.04521942138672, -74.55864715576172, -47.8879280090332, 79.11405944824219, -50.862693786621094]
Target: [-10.428299903869629, -15.149539947509766, 20.06232452392578, -52.03023910522461, -60.186981201171875, -52.03023910522461, 31.284879684448242, -15.149539947509766]
Out2: [-27.257015228271484, -53.5566520690918, 24.915203094482422, -46.04521942138672, -74.55864715576172, -47.8879280090332, 79.11405944824219, -50.862693786621094]
out2 * 2: [-54.51403045654297, -107.1133041381836, 49.830406188964844, -92.09043884277344, -149.11729431152344, -95.7758560180664, 158.22811889648438, -101.72538757324219]
Loss: 69.00909423828125
H:
[[ 2.22926462e+00  1.02642277e+00 -1.51884303e+02]
 [ 2.01928751e-02  3.77959393e+00 -2.27921575e+02]
 [ 1.77266151e-04  8.04895401e-03  1.00000000e+00]]
H:
[[   2.22926462    1.02642277 -151.8843035 ]
 [   0.02019288    3.77959393 -227.9215746 ]
 [   0.00017727    0.00804895    1.        ]]
H_inverse:
[[ 4.48045763e-01 -1.79480300e-01  2.71436860e+01]
 [-4.83595049e-03  1.80059381e-01  4.03049126e+01]
 [-4.04990050e-05 -1.41747389e-03  6.70775955e-01]]
H_inverse:
[[ 0.44804576 -0.1794803  27.143686  ]
 [-0.00483595  0.18005938 40.30491258]
 [-0.0000405  -0.00141747  0.67077596]]
H_four_points:
[[-27 -54]
 [ 25 -46]
 [-75 -48]
 [ 79 -51]]