Model Output: [-27.797697067260742, -50.75345230102539, 22.84465789794922, -38.81768035888672, -72.48626708984375, -44.53290557861328, 76.69709777832031, -54.124813079833984]
Target: [-15.07437515258789, -24.043903350830078, 25.00574493408203, -61.26865005493164, -75.01724243164062, -61.26865005493164, 45.22309875488281, -24.043903350830078]
Out2: [-27.797697067260742, -50.75345230102539, 22.84465789794922, -38.81768035888672, -72.48626708984375, -44.53290557861328, 76.69709777832031, -54.124813079833984]
out2 * 2: [-55.595394134521484, -101.50690460205078, 45.68931579589844, -77.63536071777344, -144.9725341796875, -89.06581115722656, 153.39419555664062, -108.24962615966797]
Loss: 55.64544677734375
H:
[[ 2.19781702e+00  9.46288487e-01 -1.47495114e+02]
 [-1.51405655e-02  3.65848292e+00 -2.13772264e+02]
 [ 2.34889999e-04  7.45939739e-03  1.00000000e+00]]
H:
[[   2.19781702    0.94628849 -147.49511406]
 [  -0.01514057    3.65848292 -213.77226361]
 [   0.00023489    0.0074594     1.        ]]
H_inverse:
[[ 4.50694362e-01 -1.75582568e-01  2.89405334e+01]
 [-3.00907046e-03  1.91536240e-01  4.05013125e+01]
 [-8.34177462e-05 -1.38750234e-03  6.91086774e-01]]
H_inverse:
[[ 0.45069436 -0.17558257 28.94053341]
 [-0.00300907  0.19153624 40.50131249]
 [-0.00008342 -0.0013875   0.69108677]]
H_four_points:
[[-28 -51]
 [ 23 -39]
 [-72 -45]
 [ 77 -54]]