Model Output: [-24.519338607788086, -49.66623306274414, 26.83695411682129, -44.46403503417969, -76.5667495727539, -48.318153381347656, 70.48139190673828, -54.41679000854492]
Target: [-11.882572174072266, -17.822486877441406, 21.771299362182617, -55.42959976196289, -65.31390380859375, -55.42959976196289, 35.647701263427734, -17.822486877441406]
Out2: [-24.519338607788086, -49.66623306274414, 26.83695411682129, -44.46403503417969, -76.5667495727539, -48.318153381347656, 70.48139190673828, -54.41679000854492]
out2 * 2: [-49.03867721557617, -99.33246612548828, 53.67390823364258, -88.92807006835938, -153.1334991455078, -96.63630676269531, 140.96278381347656, -108.83358001708984]
Loss: 63.67745590209961
H:
[[ 2.11552315e+00  1.01925746e+00 -1.41777618e+02]
 [-2.23812614e-02  3.70606192e+00 -2.14630516e+02]
 [ 1.19579848e-04  7.83248005e-03  1.00000000e+00]]
H:
[[   2.11552315    1.01925746 -141.77761754]
 [  -0.02238126    3.70606192 -214.6305163 ]
 [   0.00011958    0.00783248    1.        ]]
H_inverse:
[[ 4.69223947e-01 -1.85500512e-01  2.67113827e+01]
 [-2.86057712e-04  1.85739957e-01  3.98249063e+01]
 [-5.38691870e-05 -1.43262239e-03  6.84878073e-01]]
H_inverse:
[[ 0.46922395 -0.18550051 26.71138271]
 [-0.00028606  0.18573996 39.82490634]
 [-0.00005387 -0.00143262  0.68487807]]
H_four_points:
[[-25 -50]
 [ 27 -44]
 [-77 -48]
 [ 70 -54]]