Model Output: [-22.657434463500977, -52.299560546875, 24.128807067871094, -40.51445388793945, -70.8734359741211, -46.729496002197266, 78.98709106445312, -54.4375]
Target: [-13.427013397216797, -20.775650024414062, 23.416690826416016, -58.500850677490234, -70.25006103515625, -58.500850677490234, 40.28104019165039, -20.775650024414062]
Out2: [-22.657434463500977, -52.299560546875, 24.128807067871094, -40.51445388793945, -70.8734359741211, -46.729496002197266, 78.98709106445312, -54.4375]
out2 * 2: [-45.31486892700195, -104.59912109375, 48.25761413574219, -81.0289077758789, -141.7468719482422, -93.45899200439453, 157.97418212890625, -108.875]
Loss: 59.41596984863281
H:
[[ 2.18053302e+00  9.18992497e-01 -1.37432241e+02]
 [-9.05349218e-03  3.59863916e+00 -2.11898149e+02]
 [ 2.55805353e-04  7.34228605e-03  1.00000000e+00]]
H:
[[   2.18053302    0.9189925  -137.432241  ]
 [  -0.00905349    3.59863916 -211.89814856]
 [   0.00025581    0.00734229    1.        ]]
H_inverse:
[[ 4.54793563e-01 -1.70118626e-01  2.64554767e+01]
 [-3.98382874e-03  1.95497073e-01  4.08779613e+01]
 [-8.70882176e-05 -1.39187818e-03  6.93094862e-01]]
H_inverse:
[[ 0.45479356 -0.17011863 26.45547667]
 [-0.00398383  0.19549707 40.87796134]
 [-0.00008709 -0.00139188  0.69309486]]
H_four_points:
[[-23 -52]
 [ 24 -41]
 [-71 -47]
 [ 79 -54]]