Model Output: [-22.775083541870117, -51.24483871459961, 24.106313705444336, -45.12718200683594, -75.97691345214844, -44.42368698120117, 75.10328674316406, -50.93140411376953]
Target: [-15.07437515258789, -24.043903350830078, 25.00574493408203, -61.26865005493164, -75.01724243164062, -61.26865005493164, 45.22309875488281, -24.043903350830078]
Out2: [-22.775083541870117, -51.24483871459961, 24.106313705444336, -45.12718200683594, -75.97691345214844, -44.42368698120117, 75.10328674316406, -50.93140411376953]
out2 * 2: [-45.550167083740234, -102.48967742919922, 48.21262741088867, -90.25436401367188, -151.95382690429688, -88.84737396240234, 150.20657348632812, -101.86280822753906]
Loss: 56.05398178100586
H:
[[ 1.99374707e+00  8.98255836e-01 -1.25401619e+02]
 [-6.35511768e-04  3.46171946e+00 -2.02584364e+02]
 [-4.88855206e-05  7.17029064e-03  1.00000000e+00]]
H:
[[   1.99374707    0.89825584 -125.40161913]
 [  -0.00063551    3.46171946 -202.5843637 ]
 [  -0.00004889    0.00717029    1.        ]]
H_inverse:
[[ 5.02141281e-01 -1.83659569e-01  2.57627727e+01]
 [ 1.07686444e-03  2.03093574e-01  4.12786229e+01]
 [ 1.68260069e-05 -1.46521824e-03  7.05279703e-01]]
H_inverse:
[[ 0.50214128 -0.18365957 25.76277273]
 [ 0.00107686  0.20309357 41.27862294]
 [ 0.00001683 -0.00146522  0.7052797 ]]
H_four_points:
[[-23 -51]
 [ 24 -45]
 [-76 -44]
 [ 75 -51]]