Model Output: [-26.069738388061523, -49.25173568725586, 22.130788803100586, -48.65409851074219, -75.82951354980469, -45.70137405395508, 76.899658203125, -48.44831466674805]
Target: [-16.839683532714844, -27.668729782104492, 26.545000076293945, -63.75429916381836, -79.63497924804688, -63.75429916381836, 50.519039154052734, -27.668729782104492]
Out2: [-26.069738388061523, -49.25173568725586, 22.130788803100586, -48.65409851074219, -75.82951354980469, -45.70137405395508, 76.899658203125, -48.44831466674805]
out2 * 2: [-52.13947677612305, -98.50347137451172, 44.26157760620117, -97.30819702148438, -151.65902709960938, -91.40274810791016, 153.79931640625, -96.8966293334961]
Loss: 53.698211669921875
H:
[[ 1.97388909e+00  8.76869656e-01 -1.27609151e+02]
 [ 3.62649222e-03  3.35363079e+00 -1.93217331e+02]
 [-1.25673908e-04  7.04977288e-03  1.00000000e+00]]
H:
[[   1.97388909    0.87686966 -127.60915114]
 [   0.00362649    3.35363079 -193.2173308 ]
 [  -0.00012567    0.00704977    1.        ]]
H_inverse:
[[ 5.08741899e-01 -1.91649004e-01  2.78902129e+01]
 [ 2.22837757e-03  2.11215032e-01  4.10947662e+01]
 [ 4.82260267e-05 -1.51310329e-03  7.13796304e-01]]
H_inverse:
[[ 0.5087419  -0.191649   27.89021288]
 [ 0.00222838  0.21121503 41.09476616]
 [ 0.00004823 -0.0015131   0.7137963 ]]
H_four_points:
[[-26 -49]
 [ 22 -49]
 [-76 -46]
 [ 77 -48]]