Model Output: [-25.823270797729492, -49.72413635253906, 22.305770874023438, -53.09845733642578, -75.58248138427734, -56.89094543457031, 75.1856689453125, -51.39297866821289]
Target: [-18.74078369140625, -31.699689865112305, 28.04030990600586, -65.97630310058594, -84.12094116210938, -65.97630310058594, 56.22235107421875, -31.699689865112305]
Out2: [-25.823270797729492, -49.72413635253906, 22.305770874023438, -53.09845733642578, -75.58248138427734, -56.89094543457031, 75.1856689453125, -51.39297866821289]
out2 * 2: [-51.646541595458984, -99.44827270507812, 44.611541748046875, -106.19691467285156, -151.1649627685547, -113.78189086914062, 150.371337890625, -102.78595733642578]
Loss: 54.691383361816406
H:
[[ 2.15928222e+00  9.28165912e-01 -1.40809290e+02]
 [-3.35969542e-03  3.48859766e+00 -2.02133559e+02]
 [ 1.90601858e-04  7.53447642e-03  1.00000000e+00]]
H:
[[   2.15928222    0.92816591 -140.80929008]
 [  -0.0033597     3.48859766 -202.13355937]
 [   0.0001906     0.00753448    1.        ]]
H_inverse:
[[ 4.60370645e-01 -1.82720996e-01  2.78904183e+01]
 [-3.23052760e-03  2.00820536e-01  4.01376814e+01]
 [-6.34071660e-05 -1.47825063e-03  6.92267620e-01]]
H_inverse:
[[ 0.46037064 -0.182721   27.89041834]
 [-0.00323053  0.20082054 40.13768143]
 [-0.00006341 -0.00147825  0.69226762]]
H_four_points:
[[-26 -50]
 [ 22 -53]
 [-76 -57]
 [ 75 -51]]