Model Output: [-27.415390014648438, -53.475257873535156, 25.475135803222656, -53.7183952331543, -74.44871520996094, -52.84776306152344, 79.08961486816406, -53.27251052856445]
Target: [-20.799137115478516, -36.196659088134766, 29.497024536132812, -67.950439453125, -88.49111938476562, -67.950439453125, 62.397369384765625, -36.196659088134766]
Out2: [-27.415390014648438, -53.475257873535156, 25.475135803222656, -53.7183952331543, -74.44871520996094, -52.84776306152344, 79.08961486816406, -53.27251052856445]
out2 * 2: [-54.830780029296875, -106.95051574707031, 50.95027160644531, -107.4367904663086, -148.89743041992188, -105.69552612304688, 158.17922973632812, -106.5450210571289]
Loss: 53.75083923339844
H:
[[ 2.06502365e+00  9.64653355e-01 -1.39326738e+02]
 [-5.68649180e-04  3.45687249e+00 -2.04979162e+02]
 [-5.16953800e-05  7.47255289e-03  1.00000000e+00]]
H:
[[   2.06502365    0.96465336 -139.32673765]
 [  -0.00056865    3.45687249 -204.97916191]
 [  -0.0000517     0.00747255    1.        ]]
H_inverse:
[[ 4.84893083e-01 -1.94962648e-01  2.75952912e+01]
 [ 1.08525489e-03  2.00021087e-01  4.11513598e+01]
 [ 1.69571076e-05 -1.50474682e-03  6.93920836e-01]]
H_inverse:
[[ 0.48489308 -0.19496265 27.59529124]
 [ 0.00108525  0.20002109 41.1513598 ]
 [ 0.00001696 -0.00150475  0.69392084]]
H_four_points:
[[-27 -53]
 [ 25 -54]
 [-74 -53]
 [ 79 -53]]