Model Output: [-24.9238338470459, -57.042476654052734, 26.346345901489258, -54.12563705444336, -78.21508026123047, -50.006591796875, 76.799072265625, -59.19728088378906]
Target: [-23.040664672851562, -41.23231506347656, 30.920059204101562, -69.69049835205078, -92.7601318359375, -69.69049835205078, 69.12200164794922, -41.23231506347656]
Out2: [-24.9238338470459, -57.042476654052734, 26.346345901489258, -54.12563705444336, -78.21508026123047, -50.006591796875, 76.799072265625, -59.19728088378906]
out2 * 2: [-49.8476676940918, -114.08495330810547, 52.692691802978516, -108.25127410888672, -156.43016052246094, -100.01318359375, 153.59814453125, -118.39456176757812]
Loss: 51.95301818847656
H:
[[ 1.95221668e+00  9.67545063e-01 -1.29731616e+02]
 [-1.26593897e-02  3.47918588e+00 -2.11603030e+02]
 [-2.42890146e-04  7.50776801e-03  1.00000000e+00]]
H:
[[   1.95221668    0.96754506 -129.73161646]
 [  -0.01265939    3.47918588 -211.60303019]
 [  -0.00024289    0.00750777    1.        ]]
H_inverse:
[[ 5.14073677e-01 -1.96946263e-01  2.50171832e+01]
 [ 6.49769115e-03  1.94832921e-01  4.20701924e+01]
 [ 7.60802731e-05 -1.51059667e-03  6.90223183e-01]]
H_inverse:
[[ 0.51407368 -0.19694626 25.01718319]
 [ 0.00649769  0.19483292 42.07019236]
 [ 0.00007608 -0.0015106   0.69022318]]
H_four_points:
[[-25 -57]
 [ 26 -54]
 [-78 -50]
 [ 77 -59]]