Model Output: [-29.56719398498535, -55.111995697021484, 21.674585342407227, -53.66131591796875, -78.36138916015625, -55.373592376708984, 84.50883483886719, -54.88380813598633]
Target: [-25.497154235839844, -46.89596939086914, 32.31386184692383, -71.2081298828125, -96.94155883789062, -71.2081298828125, 76.49146270751953, -46.89596939086914]
Out2: [-29.56719398498535, -55.111995697021484, 21.674585342407227, -53.66131591796875, -78.36138916015625, -55.373592376708984, 84.50883483886719, -54.88380813598633]
out2 * 2: [-59.1343879699707, -110.22399139404297, 43.34917068481445, -107.3226318359375, -156.7227783203125, -110.74718475341797, 169.01766967773438, -109.76761627197266]
Loss: 49.854148864746094
H:
[[ 2.24991638e+00  1.02875436e+00 -1.57581908e+02]
 [ 5.03988437e-04  3.75925850e+00 -2.26793118e+02]
 [ 5.59987152e-05  8.33233713e-03  1.00000000e+00]]
H:
[[   2.24991638    1.02875436 -157.58190846]
 [   0.00050399    3.7592585  -226.79311811]
 [   0.000056      0.00833234    1.        ]]
H_inverse:
[[ 4.43800046e-01 -1.83977094e-01  2.82101193e+01]
 [-1.03735370e-03  1.77453293e-01  4.00817174e+01]
 [-1.62086516e-05 -1.46829818e-03  6.64445887e-01]]
H_inverse:
[[ 0.44380005 -0.18397709 28.21011931]
 [-0.00103735  0.17745329 40.08171741]
 [-0.00001621 -0.0014683   0.66444589]]
H_four_points:
[[-30 -55]
 [ 22 -54]
 [-78 -55]
 [ 85 -55]]