Model Output: [-30.315950393676758, -53.39167404174805, 23.43994140625, -53.55921936035156, -74.80331420898438, -52.550331115722656, 81.55592346191406, -54.281192779541016]
Target: [-28.207866668701172, -53.298465728759766, 33.682640075683594, -72.51334381103516, -101.04789733886719, -72.51334381103516, 84.62357330322266, -53.298465728759766]
Out2: [-30.315950393676758, -53.39167404174805, 23.43994140625, -53.55921936035156, -74.80331420898438, -52.550331115722656, 81.55592346191406, -54.281192779541016]
out2 * 2: [-60.631900787353516, -106.7833480834961, 46.8798828125, -107.11843872070312, -149.60662841796875, -105.10066223144531, 163.11184692382812, -108.56238555908203]
Loss: 43.57618713378906
H:
[[ 2.10224807e+00  9.70647226e-01 -1.46231646e+02]
 [-6.54199683e-03  3.50633020e+00 -2.07669675e+02]
 [-7.47689271e-05  7.62699914e-03  1.00000000e+00]]
H:
[[   2.10224807    0.97064723 -146.23164608]
 [  -0.006542      3.5063302  -207.66967486]
 [  -0.00007477    0.007627      1.        ]]
H_inverse:
[[ 4.76109225e-01 -1.95107783e-01  2.91042659e+01]
 [ 2.06422374e-03  1.95608996e-01  4.09239114e+01]
 [ 1.98543432e-05 -1.50649764e-03  6.90049457e-01]]
H_inverse:
[[ 0.47610923 -0.19510778 29.10426593]
 [ 0.00206422  0.195609   40.92391142]
 [ 0.00001985 -0.0015065   0.69004946]]
H_four_points:
[[-30 -53]
 [ 23 -54]
 [-75 -53]
 [ 82 -54]]