Model Output: [-27.363807678222656, -50.54122543334961, 22.605731964111328, -49.91655349731445, -75.69499969482422, -57.08889389038086, 84.9106674194336, -54.32820510864258]
Target: [-31.222049713134766, -60.578983306884766, 35.03031921386719, -73.61453247070312, -105.09097290039062, -73.61453247070312, 93.66609954833984, -60.578983306884766]
Out2: [-27.363807678222656, -50.54122543334961, 22.605731964111328, -49.91655349731445, -75.69499969482422, -57.08889389038086, 84.9106674194336, -54.32820510864258]
out2 * 2: [-54.72761535644531, -101.08245086669922, 45.211463928222656, -99.8331069946289, -151.38999938964844, -114.17778778076172, 169.8213348388672, -108.65641021728516]
Loss: 38.93796157836914
H:
[[ 2.39440783e+00  1.05446150e+00 -1.62587578e+02]
 [-1.50664417e-02  3.89749438e+00 -2.28047799e+02]
 [ 3.34785076e-04  8.59260489e-03  1.00000000e+00]]
H:
[[   2.39440783    1.0544615  -162.58757787]
 [  -0.01506644    3.89749438 -228.04779936]
 [   0.00033479    0.0085926     1.        ]]
H_inverse:
[[ 4.12679128e-01 -1.72730866e-01  2.77056060e+01]
 [-4.31776083e-03  1.72542558e-01  3.86459364e+01]
 [-1.01058000e-04 -1.42476231e-03  6.58655314e-01]]
H_inverse:
[[ 0.41267913 -0.17273087 27.70560604]
 [-0.00431776  0.17254256 38.64593642]
 [-0.00010106 -0.00142476  0.65865531]]
H_four_points:
[[-27 -51]
 [ 23 -50]
 [-76 -57]
 [ 85 -54]]