Model Output: [-23.8621768951416, -50.06730270385742, 24.189207077026367, -45.74828338623047, -70.91720581054688, -44.02949905395508, 75.84783935546875, -54.715309143066406]
Target: [-16.839683532714844, -27.668729782104492, 26.545000076293945, -63.75429916381836, -79.63497924804688, -63.75429916381836, 50.519039154052734, -27.668729782104492]
Out2: [-23.8621768951416, -50.06730270385742, 24.189207077026367, -45.74828338623047, -70.91720581054688, -44.02949905395508, 75.84783935546875, -54.715309143066406]
out2 * 2: [-47.7243537902832, -100.13460540771484, 48.378414154052734, -91.49656677246094, -141.83441162109375, -88.05899810791016, 151.6956787109375, -109.43061828613281]
Loss: 52.796112060546875
H:
[[ 1.87180231e+00  8.30348691e-01 -1.16912746e+02]
 [-2.90818029e-02  3.19021834e+00 -1.82704017e+02]
 [-1.91765098e-04  6.45149873e-03  1.00000000e+00]]
H:
[[   1.87180231    0.83034869 -116.91274625]
 [  -0.0290818     3.19021834 -182.70401683]
 [  -0.00019177    0.0064515     1.        ]]
H_inverse:
[[ 5.34006000e-01 -1.93683866e-01  2.70452876e+01]
 [ 7.83702255e-03  2.26046348e-01  4.22158237e+01]
 [ 5.18431722e-05 -1.49547953e-03  7.32831010e-01]]
H_inverse:
[[ 0.534006   -0.19368387 27.0452876 ]
 [ 0.00783702  0.22604635 42.21582369]
 [ 0.00005184 -0.00149548  0.73283101]]
H_four_points:
[[-24 -50]
 [ 24 -46]
 [-71 -44]
 [ 76 -55]]