Model Output: [-27.619544982910156, -51.281532287597656, 27.653005599975586, -55.20465087890625, -76.89276885986328, -57.45106887817383, 81.20176696777344, -57.769657135009766]
Target: [-34.602230072021484, -68.91463470458984, 36.36058044433594, -74.51854705810547, -109.08175659179688, -74.51854705810547, 103.80667114257812, -68.91463470458984]
Out2: [-27.619544982910156, -51.281532287597656, 27.653005599975586, -55.20465087890625, -76.89276885986328, -57.45106887817383, 81.20176696777344, -57.769657135009766]
out2 * 2: [-55.23908996582031, -102.56306457519531, 55.30601119995117, -110.4093017578125, -153.78553771972656, -114.90213775634766, 162.40353393554688, -115.53931427001953]
Loss: 37.42879867553711
H:
[[ 2.17289774e+00  1.11511071e+00 -1.55051467e+02]
 [-4.23709259e-02  3.75701480e+00 -2.17738487e+02]
 [-5.10513774e-05  8.46297573e-03  1.00000000e+00]]
H:
[[   2.17289774    1.11511071 -155.05146728]
 [  -0.04237093    3.7570148  -217.73848706]
 [  -0.00005105    0.00846298    1.        ]]
H_inverse:
[[ 4.57003512e-01 -1.98096692e-01  2.77257909e+01]
 [ 4.36514667e-03  1.76687874e-01  3.91485727e+01]
 [-1.36114716e-05 -1.50541830e-03  6.70102019e-01]]
H_inverse:
[[ 0.45700351 -0.19809669 27.72579095]
 [ 0.00436515  0.17668787 39.14857272]
 [-0.00001361 -0.00150542  0.67010202]]
H_four_points:
[[-28 -51]
 [ 28 -55]
 [-77 -57]
 [ 81 -58]]