Model Output: [-27.358917236328125, -52.58122634887695, 24.84255027770996, -50.32365036010742, -72.76461029052734, -53.07762145996094, 76.26329803466797, -51.994571685791016]
Target: [-38.42913818359375, -78.53436279296875, 37.67692947387695, -75.23101806640625, -113.03085327148438, -75.23101806640625, 115.2873764038086, -78.53436279296875]
Out2: [-27.358917236328125, -52.58122634887695, 24.84255027770996, -50.32365036010742, -72.76461029052734, -53.07762145996094, 76.26329803466797, -51.994571685791016]
out2 * 2: [-54.71783447265625, -105.1624526977539, 49.68510055541992, -100.64730072021484, -145.5292205810547, -106.15524291992188, 152.52659606933594, -103.98914337158203]
Loss: 25.807228088378906
H:
[[ 2.17465979e+00  9.82986794e-01 -1.46609224e+02]
 [ 8.03595370e-03  3.57512793e+00 -2.12828388e+02]
 [ 1.81556132e-04  7.62256435e-03  1.00000000e+00]]
H:
[[   2.17465979    0.98298679 -146.60922417]
 [   0.00803595    3.57512793 -212.82838756]
 [   0.00018156    0.00762256    1.        ]]
H_inverse:
[[ 4.58208305e-01 -1.85183592e-01  2.77652388e+01]
 [-4.11500741e-03  1.94066000e-01  4.06994558e+01]
 [-5.18236186e-05 -1.44565936e-03  6.84724829e-01]]
H_inverse:
[[ 0.45820831 -0.18518359 27.76523879]
 [-0.00411501  0.194066   40.69945583]
 [-0.00005182 -0.00144566  0.68472483]]
H_four_points:
[[-27 -53]
 [ 25 -50]
 [-73 -53]
 [ 76 -52]]