Model Output: [-25.366573333740234, -51.58415603637695, 21.384111404418945, -52.97572326660156, -69.77021789550781, -49.87242126464844, 78.48887634277344, -54.08506393432617]
Target: [-42.80880355834961, -89.73919677734375, 38.982791900634766, -75.75623321533203, -116.94840240478516, -75.75623321533203, 128.42636108398438, -89.73919677734375]
Out2: [-25.366573333740234, -51.58415603637695, 21.384111404418945, -52.97572326660156, -69.77021789550781, -49.87242126464844, 78.48887634277344, -54.08506393432617]
out2 * 2: [-50.73314666748047, -103.1683120727539, 42.76822280883789, -105.95144653320312, -139.54043579101562, -99.74484252929688, 156.97775268554688, -108.17012786865234]
Loss: 18.612133026123047
H:
[[ 1.87381953e+00  7.76774722e-01 -1.15580614e+02]
 [-1.25863926e-02  3.03831006e+00 -1.77013263e+02]
 [-1.75758296e-04  6.20837764e-03  1.00000000e+00]]
H:
[[   1.87381953    0.77677472 -115.58061447]
 [  -0.01258639    3.03831006 -177.01326319]
 [  -0.00017576    0.00620838    1.        ]]
H_inverse:
[[ 5.34962889e-01 -1.93223295e-01  2.76282535e+01]
 [ 5.65028334e-03  2.39664146e-01  4.30767958e+01]
 [ 5.89450733e-05 -1.52188612e-03  7.37418879e-01]]
H_inverse:
[[ 0.53496289 -0.19322329 27.62825349]
 [ 0.00565028  0.23966415 43.07679581]
 [ 0.00005895 -0.00152189  0.73741888]]
H_four_points:
[[-25 -52]
 [ 21 -53]
 [-70 -50]
 [ 78 -54]]