Model Output: [-26.846603393554688, -56.50436019897461, 30.226926803588867, -52.109764099121094, -73.77684783935547, -56.77276611328125, 85.91380310058594, -54.54389190673828]
Target: [-47.883399963378906, -102.93311309814453, 40.281368255615234, -76.09725952148438, -120.8441162109375, -76.09725952148438, 143.650146484375, -102.93311309814453]
Out2: [-26.846603393554688, -56.50436019897461, 30.226926803588867, -52.109764099121094, -73.77684783935547, -56.77276611328125, 85.91380310058594, -54.54389190673828]
out2 * 2: [-53.693206787109375, -113.00872039794922, 60.453853607177734, -104.21952819824219, -147.55369567871094, -113.5455322265625, 171.82760620117188, -109.08778381347656]
Loss: 20.333768844604492
H:
[[ 2.49468974e+00  1.25232713e+00 -1.79541063e+02]
 [ 1.59804311e-02  4.19712828e+00 -2.58236900e+02]
 [ 3.61657871e-04  9.46436265e-03  1.00000000e+00]]
H:
[[   2.49468974    1.25232713 -179.54106306]
 [   0.01598043    4.19712828 -258.23690021]
 [   0.00036166    0.00946436    1.        ]]
H_inverse:
[[ 3.98245704e-01 -1.76994199e-01  2.57950237e+01]
 [-6.55872719e-03  1.53490668e-01  3.84593935e+01]
 [-8.19545205e-05 -1.38868000e-03  6.26677379e-01]]
H_inverse:
[[ 0.3982457  -0.1769942  25.79502367]
 [-0.00655873  0.15349067 38.45939354]
 [-0.00008195 -0.00138868  0.62667738]]
H_four_points:
[[-27 -57]
 [ 30 -52]
 [-74 -57]
 [ 86 -55]]