Model Output: [-25.243011474609375, -51.60002136230469, 25.466962814331055, -52.49897766113281, -75.44012451171875, -49.71026611328125, 71.69957733154297, -54.28640365600586]
Target: [-53.847984313964844, -118.6708984375, 41.57592010498047, -76.2561264038086, -124.72776794433594, -76.2561264038086, 161.5439453125, -118.6708984375]
Out2: [-25.243011474609375, -51.60002136230469, 25.466962814331055, -52.49897766113281, -75.44012451171875, -49.71026611328125, 71.69957733154297, -54.28640365600586]
out2 * 2: [-50.48602294921875, -103.20004272460938, 50.93392562866211, -104.99795532226562, -150.8802490234375, -99.4205322265625, 143.39915466308594, -108.57280731201172]
Loss: 16.811552047729492
H:
[[ 1.92527454e+00  8.99169720e-01 -1.24761691e+02]
 [-1.26162106e-02  3.29904132e+00 -1.93099594e+02]
 [-1.39771269e-04  6.95176710e-03  1.00000000e+00]]
H:
[[   1.92527454    0.89916972 -124.76169136]
 [  -0.01261621    3.29904132 -193.09959403]
 [  -0.00013977    0.00695177    1.        ]]
H_inverse:
[[ 5.20045107e-01 -1.97924427e-01  2.66625805e+01]
 [ 4.43762432e-03  2.13762167e-01  4.18310332e+01]
 [ 4.18380340e-05 -1.51368895e-03  7.12927062e-01]]
H_inverse:
[[ 0.52004511 -0.19792443 26.66258054]
 [ 0.00443762  0.21376217 41.83103323]
 [ 0.00004184 -0.00151369  0.71292706]]
H_four_points:
[[-25 -52]
 [ 25 -52]
 [-75 -50]
 [ 72 -54]]