Model Output: [-26.2137393951416, -52.84201431274414, 25.800867080688477, -48.115299224853516, -71.55531311035156, -49.8089485168457, 79.7032241821289, -51.48850631713867]
Target: [-60.97798156738281, -137.7359161376953, 42.86957550048828, -76.23359680175781, -128.60877990722656, -76.23359680175781, 182.93389892578125, -137.7359161376953]
Out2: [-26.2137393951416, -52.84201431274414, 25.800867080688477, -48.115299224853516, -71.55531311035156, -49.8089485168457, 79.7032241821289, -51.48850631713867]
out2 * 2: [-52.4274787902832, -105.68402862548828, 51.60173416137695, -96.23059844970703, -143.11062622070312, -99.6178970336914, 159.4064483642578, -102.97701263427734]
Loss: 20.688007354736328
H:
[[ 2.18849818e+00  1.00182252e+00 -1.46999627e+02]
 [ 1.37278078e-02  3.63812487e+00 -2.17166206e+02]
 [ 1.51682037e-04  7.73520050e-03  1.00000000e+00]]
H:
[[   2.18849818    1.00182252 -146.99962663]
 [   0.01372781    3.63812487 -217.16620618]
 [   0.00015168    0.0077352     1.        ]]
H_inverse:
[[ 4.56199098e-01 -1.83484565e-01  2.72144503e+01]
 [-4.00340595e-03  1.89652601e-01  4.05976366e+01]
 [-3.82300608e-05 -1.43916958e-03  6.81841198e-01]]
H_inverse:
[[ 0.4561991  -0.18348456 27.21445026]
 [-0.00400341  0.1896526  40.59763659]
 [-0.00003823 -0.00143917  0.6818412 ]]
H_four_points:
[[-26 -53]
 [ 26 -48]
 [-72 -50]
 [ 80 -51]]