Model Output: [-26.42319679260254, -52.11629104614258, 22.19110679626465, -49.64560317993164, -66.60444641113281, -53.08522415161133, 71.66659545898438, -47.480690002441406]
Target: [-69.67487335205078, -161.2708740234375, 44.16550827026367, -76.02947998046875, -132.49658203125, -76.02947998046875, 209.0245361328125, -161.2708740234375]
Out2: [-26.42319679260254, -52.11629104614258, 22.19110679626465, -49.64560317993164, -66.60444641113281, -53.08522415161133, 71.66659545898438, -47.480690002441406]
out2 * 2: [-52.84639358520508, -104.23258209228516, 44.3822135925293, -99.29120635986328, -133.20889282226562, -106.17044830322266, 143.33319091796875, -94.96138000488281]
Loss: 32.52491760253906
H:
[[ 2.07870594e+00  8.24710897e-01 -1.31458091e+02]
 [ 3.23002020e-02  3.18881978e+00 -1.88985178e+02]
 [ 2.56466692e-04  6.47074793e-03  1.00000000e+00]]
H:
[[   2.07870594    0.8247109  -131.45809142]
 [   0.0323002     3.18881978 -188.9851782 ]
 [   0.00025647    0.00647075    1.        ]]
H_inverse:
[[ 4.80365389e-01 -1.82418953e-01  2.86734389e+01]
 [-8.79445216e-03  2.30009933e-01  4.23123663e+01]
 [-6.62910394e-05 -1.44155191e-03  7.18853562e-01]]
H_inverse:
[[ 0.48036539 -0.18241895 28.67343891]
 [-0.00879445  0.23000993 42.31236626]
 [-0.00006629 -0.00144155  0.71885356]]
H_four_points:
[[-26 -52]
 [ 22 -50]
 [-67 -53]
 [ 72 -47]]