Model Output: [-21.9754581451416, -49.60081100463867, 20.624143600463867, -40.69129180908203, -65.47447204589844, -49.467742919921875, 70.03193664550781, -49.07285690307617]
Target: [-80.5480728149414, -191.01055908203125, 45.46689987182617, -75.6423568725586, -136.4007568359375, -75.6423568725586, 241.6441650390625, -191.01055908203125]
Out2: [-21.9754581451416, -49.60081100463867, 20.624143600463867, -40.69129180908203, -65.47447204589844, -49.467742919921875, 70.03193664550781, -49.07285690307617]
out2 * 2: [-43.9509162902832, -99.20162200927734, 41.248287200927734, -81.38258361816406, -130.94894409179688, -98.93548583984375, 140.06387329101562, -98.14571380615234]
Loss: 45.194374084472656
H:
[[ 2.07267305e+00  7.55255633e-01 -1.21582822e+02]
 [ 1.12934083e-02  3.16333341e+00 -1.83374578e+02]
 [ 3.84561709e-04  6.09036914e-03  1.00000000e+00]]
H:
[[   2.07267305    0.75525563 -121.58282163]
 [   0.01129341    3.16333341 -183.37457821]
 [   0.00038456    0.00609037    1.        ]]
H_inverse:
[[ 4.78276884e-01 -1.67138403e-01  2.75013189e+01]
 [-9.14194291e-03  2.36831286e-01  4.23173340e+01]
 [-1.28249169e-04 -1.37811493e-03  7.31695861e-01]]
H_inverse:
[[ 0.47827688 -0.1671384  27.50131888]
 [-0.00914194  0.23683129 42.31733397]
 [-0.00012825 -0.00137811  0.73169586]]
H_four_points:
[[-22 -50]
 [ 21 -41]
 [-65 -49]
 [ 70 -49]]