Model Output: [-21.709247589111328, -45.58584213256836, 17.794382095336914, -42.93854522705078, -59.586368560791016, -41.388797760009766, 66.64202117919922, -46.285926818847656]
Target: [-94.56956481933594, -229.72239685058594, 46.7769889831543, -75.0697021484375, -140.3310089111328, -75.0697021484375, 283.7085876464844, -229.72239685058594]
Out2: [-21.709247589111328, -45.58584213256836, 17.794382095336914, -42.93854522705078, -59.586368560791016, -41.388797760009766, 66.64202117919922, -46.285926818847656]
out2 * 2: [-43.418495178222656, -91.17168426513672, 35.58876419067383, -85.87709045410156, -119.17273712158203, -82.77759552001953, 133.28404235839844, -92.57185363769531]
Loss: 66.01732635498047
H:
[[ 1.71723956e+00  5.87465110e-01 -9.30812385e+01]
 [-1.34574044e-03  2.61147856e+00 -1.43725703e+02]
 [-7.47633577e-05  4.69524722e-03  1.00000000e+00]]
H:
[[   1.71723956    0.58746511  -93.08123851]
 [  -0.00134574    2.61147856 -143.72570299]
 [  -0.00007476    0.00469525    1.        ]]
H_inverse:
[[ 5.83413583e-01 -1.81878929e-01  2.81641820e+01]
 [ 2.14652696e-03  3.03623823e-01  4.38383489e+01]
 [ 3.35394837e-05 -1.43918679e-03  7.96273763e-01]]
H_inverse:
[[ 0.58341358 -0.18187893 28.16418202]
 [ 0.00214653  0.30362382 43.83834885]
 [ 0.00003354 -0.00143919  0.79627376]]
H_four_points:
[[-22 -46]
 [ 18 -43]
 [-60 -41]
 [ 67 -46]]