Model Output: [-17.531986236572266, -45.554527282714844, 15.140031814575195, -41.66394805908203, -53.42451095581055, -44.84169387817383, 63.46996307373047, -45.20318603515625]
Target: [-113.39070129394531, -282.10858154296875, 48.099090576171875, -74.307861328125, -144.29730224609375, -74.307861328125, 340.1719970703125, -282.10858154296875]
Out2: [-17.531986236572266, -45.554527282714844, 15.140031814575195, -41.66394805908203, -53.42451095581055, -44.84169387817383, 63.46996307373047, -45.20318603515625]
out2 * 2: [-35.06397247314453, -91.10905456542969, 30.28006362915039, -83.32789611816406, -106.8490219116211, -89.68338775634766, 126.93992614746094, -90.4063720703125]
Loss: 94.24041748046875
H:
[[ 1.71014274e+00  4.77773308e-01 -8.19250758e+01]
 [ 7.28632454e-03  2.39113460e+00 -1.30763550e+02]
 [ 1.23812065e-04  3.98676915e-03  1.00000000e+00]]
H:
[[   1.71014274    0.47777331  -81.92507584]
 [   0.00728632    2.3911346  -130.76354973]
 [   0.00012381    0.00398677    1.        ]]
H_inverse:
[[ 5.83497938e-01 -1.61155836e-01  2.67298036e+01]
 [-4.70339661e-03  3.44651537e-01  4.46825323e+01]
 [-5.34927282e-05 -1.35409308e-03  8.18551587e-01]]
H_inverse:
[[ 0.58349794 -0.16115584 26.72980362]
 [-0.0047034   0.34465154 44.6825323 ]
 [-0.00005349 -0.00135409  0.81855159]]
H_four_points:
[[-18 -46]
 [ 15 -42]
 [-53 -45]
 [ 63 -45]]