Model Output: [-25.64732551574707, -51.74495315551758, 27.449058532714844, -50.94664764404297, -77.11517333984375, -49.83895492553711, 77.50048065185547, -49.70063781738281]
Target: [-18.74078369140625, -31.699689865112305, 28.04030990600586, -65.97630310058594, -84.12094116210938, -65.97630310058594, 56.22235107421875, -31.699689865112305]
Out2: [-25.64732551574707, -51.74495315551758, 27.449058532714844, -50.94664764404297, -77.11517333984375, -49.83895492553711, 77.50048065185547, -49.70063781738281]
out2 * 2: [-51.29465103149414, -103.48990631103516, 54.89811706542969, -101.89329528808594, -154.2303466796875, -99.67790985107422, 155.00096130371094, -99.40127563476562]
Loss: 54.67626190185547
H:
[[ 2.13176733e+00  1.05211521e+00 -1.46071958e+02]
 [ 1.17429266e-02  3.70515158e+00 -2.19661294e+02]
 [-8.50166633e-06  8.10740155e-03  1.00000000e+00]]
H:
[[   2.13176733    1.05211521 -146.0719581 ]
 [   0.01174293    3.70515158 -219.66129361]
 [  -0.0000085     0.0081074     1.        ]]
H_inverse:
[[ 4.70256344e-01 -1.91699786e-01  2.65822421e+01]
 [-8.46511015e-04  1.82626126e-01  3.99922396e+01]
 [ 1.08609672e-05 -1.48225311e-03  6.75992848e-01]]
H_inverse:
[[ 0.47025634 -0.19169979 26.58224208]
 [-0.00084651  0.18262613 39.99223964]
 [ 0.00001086 -0.00148225  0.67599285]]
H_four_points:
[[-26 -52]
 [ 27 -51]
 [-77 -50]
 [ 78 -50]]