Model Output: [-15.628812789916992, -37.85640335083008, 17.84842872619629, -31.19931411743164, -40.053123474121094, -33.98933029174805, 38.45699691772461, -27.951021194458008]
Target: [0.0, 0.0, 0.0, 0.0, 0.0, 0.0, 0.0, 0.0]
Out2: [-15.628812789916992, -37.85640335083008, 17.84842872619629, -31.19931411743164, -40.053123474121094, -33.98933029174805, 38.45699691772461, -27.951021194458008]
out2 * 2: [-31.257625579833984, -75.71280670166016, 35.69685745239258, -62.39862823486328, -80.10624694824219, -67.9786605834961, 76.91399383544922, -55.902042388916016]
Loss: 60.74585723876953
H:
[[ 1.54359937e+00  3.83594223e-01 -6.60612813e+01]
 [ 5.65259023e-02  2.01930975e+00 -1.01827298e+02]
 [ 2.75334565e-04  2.74520861e-03  1.00000000e+00]]
H:
[[   1.54359937    0.38359422  -66.06128134]
 [   0.0565259     2.01930975 -101.82729805]
 [   0.00027533    0.00274521    1.        ]]
H_inverse:
[[ 6.48926350e-01 -1.59474946e-01  2.66300033e+01]
 [-2.38705844e-02  4.40866934e-01  4.33153673e+01]
 [-1.13142120e-04 -1.16636274e-03  8.73758120e-01]]
H_inverse:
[[ 0.64892635 -0.15947495 26.63000332]
 [-0.02387058  0.44086693 43.31536728]
 [-0.00011314 -0.00116636  0.87375812]]
H_four_points:
[[-16 -38]
 [ 18 -31]
 [-40 -34]
 [ 38 -28]]