Model Output: [-14.54896354675293, -43.59881591796875, 17.880069732666016, -26.604198455810547, -61.055782318115234, -30.838878631591797, 60.98823928833008, -43.91953659057617]
Target: [-0.9954100251197815, -1.076645016670227, 2.8348500728607178, -8.407469749450684, -8.504520416259766, -8.407469749450684, 2.9862399101257324, -1.076645016670227]
Out2: [-14.54896354675293, -43.59881591796875, 17.880069732666016, -26.604198455810547, -61.055782318115234, -30.838878631591797, 60.98823928833008, -43.91953659057617]
out2 * 2: [-29.09792709350586, -87.1976318359375, 35.76013946533203, -53.208396911621094, -122.11156463623047, -61.677757263183594, 121.97647857666016, -87.83907318115234]
Loss: 70.57246398925781
H:
[[ 1.74059196e+00  5.40356833e-01 -8.22758899e+01]
 [ 2.86228610e-03  2.71838984e+00 -1.48158164e+02]
 [ 1.43114305e-04  4.54592676e-03  1.00000000e+00]]
H:
[[   1.74059196    0.54035683  -82.2758899 ]
 [   0.00286229    2.71838984 -148.15816372]
 [   0.00014311    0.00454593    1.        ]]
H_inverse:
[[ 5.72777302e-01 -1.54407107e-01  2.42490888e+01]
 [-4.06389982e-03  2.95915021e-01  4.35078652e+01]
 [-6.34984347e-05 -1.32311015e-03  7.98746040e-01]]
H_inverse:
[[ 0.5727773  -0.15440711 24.24908882]
 [-0.0040639   0.29591502 43.50786515]
 [-0.0000635  -0.00132311  0.79874604]]
H_four_points:
[[-15 -44]
 [ 18 -27]
 [-61 -31]
 [ 61 -44]]