Model Output: [-21.089252471923828, -43.695281982421875, 21.446582794189453, -27.496826171875, -66.73969268798828, -33.35842514038086, 59.505428314208984, -47.53438186645508]
Target: [-2.02059006690979, -2.278594970703125, 5.468929767608643, -15.967379570007324, -16.40679931640625, -15.967379570007324, 6.061769962310791, -2.278594970703125]
Out2: [-21.089252471923828, -43.695281982421875, 21.446582794189453, -27.496826171875, -66.73969268798828, -33.35842514038086, 59.505428314208984, -47.53438186645508]
out2 * 2: [-42.178504943847656, -87.39056396484375, 42.893165588378906, -54.99365234375, -133.47938537597656, -66.71685028076172, 119.01085662841797, -95.06876373291016]
Loss: 71.91021728515625
H:
[[ 1.85124368e+00  6.87689051e-01 -1.04010049e+02]
 [-1.86871967e-02  3.05171128e+00 -1.66912776e+02]
 [ 1.60212591e-04  5.46538554e-03  1.00000000e+00]]
H:
[[   1.85124368    0.68768905 -104.01004853]
 [  -0.0186872     3.05171128 -166.91277599]
 [   0.00016021    0.00546539    1.        ]]
H_inverse:
[[ 5.36090972e-01 -1.69882774e-01  2.74032427e+01]
 [-1.08927969e-03  2.52618548e-01  4.20519671e+01]
 [-7.99351905e-05 -1.35344040e-03  7.65779443e-01]]
H_inverse:
[[ 0.53609097 -0.16988277 27.40324266]
 [-0.00108928  0.25261855 42.05196706]
 [-0.00007994 -0.00135344  0.76577944]]
H_four_points:
[[-21 -44]
 [ 21 -27]
 [-67 -33]
 [ 60 -48]]