Model Output: [-19.433048248291016, -48.18754196166992, 26.467378616333008, -27.446945190429688, -63.90097427368164, -34.4426383972168, 59.58073043823242, -44.86533737182617]
Target: [-3.0794999599456787, -3.61468505859375, 7.9286041259765625, -22.78260040283203, -23.78580093383789, -22.78260040283203, 9.238499641418457, -3.61468505859375]
Out2: [-19.433048248291016, -48.18754196166992, 26.467378616333008, -27.446945190429688, -63.90097427368164, -34.4426383972168, 59.58073043823242, -44.86533737182617]
out2 * 2: [-38.86609649658203, -96.37508392333984, 52.934757232666016, -54.893890380859375, -127.80194854736328, -68.8852767944336, 119.16146087646484, -89.73067474365234]
Loss: 68.97777557373047
H:
[[ 1.96079643e+00  7.68409939e-01 -1.11899607e+02]
 [ 2.31195079e-02  3.21266313e+00 -1.84772009e+02]
 [ 3.56487240e-04  5.81351316e-03  1.00000000e+00]]
H:
[[   1.96079643    0.76840994 -111.89960677]
 [   0.02311951    3.21266313 -184.77200867]
 [   0.00035649    0.00581351    1.        ]]
H_inverse:
[[ 5.07296924e-01 -1.67914870e-01  2.57403585e+01]
 [-1.05307294e-02  2.36757852e-01  4.25678394e+01]
 [-1.19624347e-04 -1.31653538e-03  7.43355196e-01]]
H_inverse:
[[ 0.50729692 -0.16791487 25.74035854]
 [-0.01053073  0.23675785 42.56783939]
 [-0.00011962 -0.00131654  0.7433552 ]]
H_four_points:
[[-19 -48]
 [ 26 -27]
 [-64 -34]
 [ 60 -45]]