Model Output: [-19.794523239135742, -50.059574127197266, 20.521100997924805, -33.647193908691406, -68.81705474853516, -34.13233947753906, 74.92225646972656, -51.789554595947266]
Target: [-4.176519870758057, -5.095180034637451, 10.236029624938965, -28.939239501953125, -30.7081298828125, -28.939239501953125, 12.529500007629395, -5.095180034637451]
Out2: [-19.794523239135742, -50.059574127197266, 20.521100997924805, -33.647193908691406, -68.81705474853516, -34.13233947753906, 74.92225646972656, -51.789554595947266]
out2 * 2: [-39.589046478271484, -100.11914825439453, 41.04220199584961, -67.29438781738281, -137.6341094970703, -68.26467895507812, 149.84451293945312, -103.57910919189453]
Loss: 72.70602416992188
H:
[[ 1.87616406e+00  7.28605886e-01 -1.05998316e+02]
 [-1.12510048e-02  3.17398676e+00 -1.83099237e+02]
 [-3.93391777e-05  5.97220853e-03  1.00000000e+00]]
H:
[[   1.87616406    0.72860589 -105.99831647]
 [  -0.011251      3.17398676 -183.0992371 ]
 [  -0.00003934    0.00597221    1.        ]]
H_inverse:
[[ 5.32514716e-01 -1.69912061e-01  2.53348947e+01]
 [ 2.30276034e-03  2.33594832e-01  4.30151243e+01]
 [ 7.19612607e-06 -1.40176125e-03  7.44101362e-01]]
H_inverse:
[[ 0.53251472 -0.16991206 25.3348947 ]
 [ 0.00230276  0.23359483 43.01512427]
 [ 0.0000072  -0.00140176  0.74410136]]
H_four_points:
[[-20 -50]
 [ 21 -34]
 [-69 -34]
 [ 75 -52]]