Model Output: [-23.905309677124023, -51.116600036621094, 23.746021270751953, -34.51460266113281, -67.04621124267578, -35.89268112182617, 70.52925109863281, -49.868465423583984]
Target: [-5.316530227661133, -6.731864929199219, 12.410039901733398, -34.50986099243164, -37.230159759521484, -34.50986099243164, 15.949520111083984, -6.731864929199219]
Out2: [-23.905309677124023, -51.116600036621094, 23.746021270751953, -34.51460266113281, -67.04621124267578, -35.89268112182617, 70.52925109863281, -49.868465423583984]
out2 * 2: [-47.81061935424805, -102.23320007324219, 47.492042541503906, -69.02920532226562, -134.09242248535156, -71.78536224365234, 141.05850219726562, -99.73693084716797]
Loss: 69.98107147216797
H:
[[ 1.94829669e+00  8.11309580e-01 -1.20501848e+02]
 [ 6.37111485e-03  3.26618023e+00 -1.91206576e+02]
 [ 6.36667298e-05  6.23045579e-03  1.00000000e+00]]
H:
[[   1.94829669    0.81130958 -120.50184782]
 [   0.00637111    3.26618023 -191.20657633]
 [   0.00006367    0.00623046    1.        ]]
H_inverse:
[[ 5.12959976e-01 -1.79762868e-01  2.74407825e+01]
 [-2.13408351e-03  2.25089659e-01  4.27814620e+01]
 [-1.93621712e-05 -1.39096626e-03  7.31704927e-01]]
H_inverse:
[[ 0.51295998 -0.17976287 27.44078249]
 [-0.00213408  0.22508966 42.78146203]
 [-0.00001936 -0.00139097  0.73170493]]
H_four_points:
[[-24 -51]
 [ 24 -35]
 [-67 -36]
 [ 71 -50]]