Model Output: [-23.040699005126953, -47.1339225769043, 23.108089447021484, -36.49678421020508, -67.27240753173828, -36.76263427734375, 66.82872009277344, -47.3677864074707]
Target: [-6.505040168762207, -8.538475036621094, 14.466705322265625, -39.555660247802734, -43.400150299072266, -39.555660247802734, 19.515100479125977, -8.538475036621094]
Out2: [-23.040699005126953, -47.1339225769043, 23.108089447021484, -36.49678421020508, -67.27240753173828, -36.76263427734375, 66.82872009277344, -47.3677864074707]
out2 * 2: [-46.081398010253906, -94.2678451538086, 46.21617889404297, -72.99356842041016, -134.54481506347656, -73.5252685546875, 133.65744018554688, -94.7355728149414]
Loss: 64.49335479736328
H:
[[ 1.87966739e+00  7.58720435e-01 -1.12333521e+02]
 [ 7.19546615e-04  3.10594706e+00 -1.75390173e+02]
 [ 4.23262715e-05  5.87356531e-03  1.00000000e+00]]
H:
[[   1.87966739    0.75872044 -112.33352123]
 [   0.00071955    3.10594706 -175.39017287]
 [   0.00004233    0.00587357    1.        ]]
H_inverse:
[[ 5.31454316e-01 -1.82267251e-01  2.77322501e+01]
 [-1.04632469e-03  2.42131756e-01  4.23499932e+01]
 [-1.63488233e-05 -1.41446199e-03  7.50080746e-01]]
H_inverse:
[[ 0.53145432 -0.18226725 27.73225008]
 [-0.00104632  0.24213176 42.34999324]
 [-0.00001635 -0.00141446  0.75008075]]
H_four_points:
[[-23 -47]
 [ 23 -36]
 [-67 -37]
 [ 67 -47]]