Model Output: [-22.761184692382812, -55.85304641723633, 21.774433135986328, -33.10328674316406, -70.01045227050781, -39.88182067871094, 75.11770629882812, -48.93474197387695]
Target: [-7.748276233673096, -10.530830383300781, 16.419889450073242, -44.12894058227539, -49.25967025756836, -44.12894058227539, 23.244840621948242, -10.530830383300781]
Out2: [-22.761184692382812, -55.85304641723633, 21.774433135986328, -33.10328674316406, -70.01045227050781, -39.88182067871094, 75.11770629882812, -48.93474197387695]
out2 * 2: [-45.522369384765625, -111.70609283447266, 43.548866271972656, -66.20657348632812, -140.02090454101562, -79.76364135742188, 150.23541259765625, -97.8694839477539]
Loss: 66.11013793945312
H:
[[ 2.26020993e+00  8.80954925e-01 -1.39852031e+02]
 [ 4.82734687e-02  3.69087168e+00 -2.27367237e+02]
 [ 4.97971856e-04  7.19353719e-03  1.00000000e+00]]
H:
[[   2.26020993    0.88095492 -139.85203122]
 [   0.04827347    3.69087168 -227.3672368 ]
 [   0.00049797    0.00719354    1.        ]]
H_inverse:
[[ 4.40016979e-01 -1.55883622e-01  2.60944398e+01]
 [-1.33411579e-02  1.92468769e-01  4.18953042e+01]
 [-1.23145957e-04 -1.30690559e-03  6.85630274e-01]]
H_inverse:
[[ 0.44001698 -0.15588362 26.09443976]
 [-0.01334116  0.19246877 41.89530423]
 [-0.00012315 -0.00130691  0.68563027]]
H_four_points:
[[-23 -56]
 [ 22 -33]
 [-70 -40]
 [ 75 -49]]