Model Output: [-17.771038055419922, -52.32967758178711, 24.668567657470703, -36.53220748901367, -74.02095031738281, -42.251949310302734, 71.21788787841797, -53.936824798583984]
Target: [-9.053330421447754, -12.727370262145996, 18.28158950805664, -48.274349212646484, -54.84479904174805, -48.274349212646484, 27.159969329833984, -12.727370262145996]
Out2: [-17.771038055419922, -52.32967758178711, 24.668567657470703, -36.53220748901367, -74.02095031738281, -42.251949310302734, 71.21788787841797, -53.936824798583984]
out2 * 2: [-35.542076110839844, -104.65935516357422, 49.337135314941406, -73.06441497802734, -148.04190063476562, -84.50389862060547, 142.43577575683594, -107.87364959716797]
Loss: 64.26438903808594
H:
[[ 2.04577078e+00  8.69924850e-01 -1.19375440e+02]
 [-9.46993126e-03  3.53270986e+00 -2.07949335e+02]
 [ 1.94805123e-04  7.01615985e-03  1.00000000e+00]]
H:
[[   2.04577078    0.86992485 -119.37543959]
 [  -0.00946993    3.53270986 -207.94933465]
 [   0.00019481    0.00701616    1.        ]]
H_inverse:
[[ 4.85812288e-01 -1.66178486e-01  2.34373499e+01]
 [-3.02089532e-03  2.01365261e-01  4.15131514e+01]
 [-7.34436382e-05 -1.38043844e-03  7.04171378e-01]]
H_inverse:
[[ 0.48581229 -0.16617849 23.43734994]
 [-0.0030209   0.20136526 41.51315143]
 [-0.00007344 -0.00138044  0.70417138]]
H_four_points:
[[-18 -52]
 [ 25 -37]
 [-74 -42]
 [ 71 -54]]