Model Output: [-23.05641746520996, -49.25967025756836, 21.52581024169922, -39.9015007019043, -75.40704345703125, -43.75141906738281, 77.62256622314453, -53.67860412597656]
Target: [-10.428299903869629, -15.149539947509766, 20.06232452392578, -52.03023910522461, -60.186981201171875, -52.03023910522461, 31.284879684448242, -15.149539947509766]
Out2: [-23.05641746520996, -49.25967025756836, 21.52581024169922, -39.9015007019043, -75.40704345703125, -43.75141906738281, 77.62256622314453, -53.67860412597656]
out2 * 2: [-46.11283493041992, -98.51934051513672, 43.05162048339844, -79.8030014038086, -150.8140869140625, -87.50283813476562, 155.24513244628906, -107.35720825195312]
Loss: 64.01050567626953
H:
[[ 2.08173864e+00  8.79333399e-01 -1.29323296e+02]
 [-2.77997887e-02  3.54237239e+00 -2.02913629e+02]
 [ 8.70806920e-05  7.22439580e-03  1.00000000e+00]]
H:
[[   2.08173864    0.8793334  -129.32329635]
 [  -0.02779979    3.54237239 -202.91362916]
 [   0.00008708    0.0072244     1.        ]]
H_inverse:
[[ 4.76947124e-01 -1.72713065e-01  2.66345396e+01]
 [ 9.64686617e-04  1.99319186e-01  4.05693358e+01]
 [-4.85021636e-05 -1.42492071e-03  7.04591707e-01]]
H_inverse:
[[ 0.47694712 -0.17271306 26.63453956]
 [ 0.00096469  0.19931919 40.56933575]
 [-0.0000485  -0.00142492  0.70459171]]
H_four_points:
[[-23 -49]
 [ 22 -40]
 [-75 -44]
 [ 78 -54]]