Model Output: [-26.631023406982422, -55.52854537963867, 29.307390213012695, -48.63209915161133, -75.47563934326172, -48.79220962524414, 78.02716064453125, -52.9015007019043]
Target: [-20.799137115478516, -36.196659088134766, 29.497024536132812, -67.950439453125, -88.49111938476562, -67.950439453125, 62.397369384765625, -36.196659088134766]
Out2: [-26.631023406982422, -55.52854537963867, 29.307390213012695, -48.63209915161133, -75.47563934326172, -48.79220962524414, 78.02716064453125, -52.9015007019043]
out2 * 2: [-53.262046813964844, -111.05709075927734, 58.61478042602539, -97.26419830322266, -150.95127868652344, -97.58441925048828, 156.0543212890625, -105.8030014038086]
Loss: 52.639034271240234
H:
[[ 2.19550936e+00  1.11072013e+00 -1.54716022e+02]
 [ 1.87782640e-02  3.83605170e+00 -2.34410163e+02]
 [ 6.92924872e-05  8.32710309e-03  1.00000000e+00]]
H:
[[   2.19550936    1.11072013 -154.71602237]
 [   0.01877826    3.8360517  -234.4101629 ]
 [   0.00006929    0.0083271     1.        ]]
H_inverse:
[[ 4.56263868e-01 -1.89115583e-01  2.62607162e+01]
 [-2.76068579e-03  1.73915243e-01  4.03403781e+01]
 [-8.62714308e-06 -1.43510587e-03  6.62261843e-01]]
H_inverse:
[[ 0.45626387 -0.18911558 26.26071622]
 [-0.00276069  0.17391524 40.34037809]
 [-0.00000863 -0.00143511  0.66226184]]
H_four_points:
[[-27 -56]
 [ 29 -49]
 [-75 -49]
 [ 78 -53]]