Model Output: [-26.889772415161133, -52.407108306884766, 23.113882064819336, -41.97708511352539, -77.15409851074219, -47.552215576171875, 77.95857238769531, -54.83852767944336]
Target: [-11.882572174072266, -17.822486877441406, 21.771299362182617, -55.42959976196289, -65.31390380859375, -55.42959976196289, 35.647701263427734, -17.822486877441406]
Out2: [-26.889772415161133, -52.407108306884766, 23.113882064819336, -41.97708511352539, -77.15409851074219, -47.552215576171875, 77.95857238769531, -54.83852767944336]
out2 * 2: [-53.779544830322266, -104.81421661376953, 46.22776412963867, -83.95417022705078, -154.30819702148438, -95.10443115234375, 155.91714477539062, -109.67705535888672]
Loss: 65.3328628540039
H:
[[ 2.26946737e+00  1.00896692e+00 -1.52929022e+02]
 [-1.57295521e-02  3.86209365e+00 -2.27716241e+02]
 [ 2.54340261e-04  8.14547903e-03  1.00000000e+00]]
H:
[[   2.26946737    1.00896692 -152.92902199]
 [  -0.01572955    3.86209365 -227.71624135]
 [   0.00025434    0.00814548    1.        ]]
H_inverse:
[[ 4.36352461e-01 -1.72088357e-01  2.75436413e+01]
 [-3.22003340e-03  1.76188312e-01  3.96285036e+01]
 [-8.47532843e-05 -1.39136920e-03  6.70201398e-01]]
H_inverse:
[[ 0.43635246 -0.17208836 27.54364135]
 [-0.00322003  0.17618831 39.62850362]
 [-0.00008475 -0.00139137  0.6702014 ]]
H_four_points:
[[-27 -52]
 [ 23 -42]
 [-77 -48]
 [ 78 -55]]