Model Output: [-21.760339736938477, -51.176326751708984, 22.877748489379883, -45.86367416381836, -76.05668640136719, -45.06168746948242, 67.66377258300781, -55.36176300048828]
Target: [-13.427013397216797, -20.775650024414062, 23.416690826416016, -58.500850677490234, -70.25006103515625, -58.500850677490234, 40.28104019165039, -20.775650024414062]
Out2: [-21.760339736938477, -51.176326751708984, 22.877748489379883, -45.86367416381836, -76.05668640136719, -45.06168746948242, 67.66377258300781, -55.36176300048828]
out2 * 2: [-43.52067947387695, -102.35265350341797, 45.755496978759766, -91.72734832763672, -152.11337280273438, -90.12337493896484, 135.32754516601562, -110.72352600097656]
Loss: 58.21452331542969
H:
[[ 1.85351162e+00  8.13376777e-01 -1.11541312e+02]
 [-2.31518913e-02  3.21772596e+00 -1.86147643e+02]
 [-1.27841386e-04  6.50416023e-03  1.00000000e+00]]
H:
[[   1.85351162    0.81337678 -111.54131246]
 [  -0.02315189    3.21772596 -186.14764289]
 [  -0.00012784    0.00650416    1.        ]]
H_inverse:
[[ 5.38918956e-01 -1.87270623e-01  2.52517427e+01]
 [ 5.71346429e-03  2.23826741e-01  4.23021076e+01]
 [ 3.17348593e-05 -1.47974592e-03  7.28088532e-01]]
H_inverse:
[[ 0.53891896 -0.18727062 25.25174267]
 [ 0.00571346  0.22382674 42.30210761]
 [ 0.00003173 -0.00147975  0.72808853]]
H_four_points:
[[-22 -51]
 [ 23 -46]
 [-76 -45]
 [ 68 -55]]