Model Output: [-24.85991096496582, -49.95328903198242, 24.09933090209961, -43.182003021240234, -70.13345336914062, -44.114986419677734, 74.85209655761719, -53.10563659667969]
Target: [-15.07437515258789, -24.043903350830078, 25.00574493408203, -61.26865005493164, -75.01724243164062, -61.26865005493164, 45.22309875488281, -24.043903350830078]
Out2: [-24.85991096496582, -49.95328903198242, 24.09933090209961, -43.182003021240234, -70.13345336914062, -44.114986419677734, 74.85209655761719, -53.10563659667969]
out2 * 2: [-49.71982192993164, -99.90657806396484, 48.19866180419922, -86.36400604248047, -140.26690673828125, -88.22997283935547, 149.70419311523438, -106.21127319335938]
Loss: 54.70697784423828
H:
[[ 1.97410919e+00  8.57655145e-01 -1.25681856e+02]
 [-1.68779911e-02  3.30481364e+00 -1.90486475e+02]
 [-1.69059509e-05  6.64794007e-03  1.00000000e+00]]
H:
[[   1.97410919    0.85765514 -125.68185601]
 [  -0.01687799    3.30481364 -190.48647524]
 [  -0.00001691    0.00664794    1.        ]]
H_inverse:
[[ 5.05196208e-01 -1.87127360e-01  2.78487658e+01]
 [ 2.22123409e-03  2.17940272e-01  4.17938430e+01]
 [-6.22580880e-06 -1.45201743e-03  7.22627846e-01]]
H_inverse:
[[ 0.50519621 -0.18712736 27.84876584]
 [ 0.00222123  0.21794027 41.79384299]
 [-0.00000623 -0.00145202  0.72262785]]
H_four_points:
[[-25 -50]
 [ 24 -43]
 [-70 -44]
 [ 75 -53]]