Model Output: [-28.980937957763672, -49.62689971923828, 26.756061553955078, -48.898399353027344, -74.86886596679688, -44.70133590698242, 76.41299438476562, -49.14496994018555]
Target: [-16.839683532714844, -27.668729782104492, 26.545000076293945, -63.75429916381836, -79.63497924804688, -63.75429916381836, 50.519039154052734, -27.668729782104492]
Out2: [-28.980937957763672, -49.62689971923828, 26.756061553955078, -48.898399353027344, -74.86886596679688, -44.70133590698242, 76.41299438476562, -49.14496994018555]
out2 * 2: [-57.961875915527344, -99.25379943847656, 53.512123107910156, -97.79679870605469, -149.73773193359375, -89.40267181396484, 152.82598876953125, -98.2899398803711]
Loss: 55.299522399902344
H:
[[ 2.00251303e+00  1.00855848e+00 -1.41213450e+02]
 [ 3.01105666e-03  3.52208575e+00 -2.05008145e+02]
 [-1.82411153e-04  7.54630698e-03  1.00000000e+00]]
H:
[[   2.00251303    1.00855848 -141.2134499 ]
 [   0.00301106    3.52208575 -205.00814487]
 [  -0.00018241    0.00754631    1.        ]]
H_inverse:
[[ 5.02304646e-01 -2.05533783e-01  2.87960723e+01]
 [ 3.40720552e-03  1.95877950e-01  4.06377184e+01]
 [ 6.59141507e-05 -1.51564680e-03  6.98588027e-01]]
H_inverse:
[[ 0.50230465 -0.20553378 28.79607226]
 [ 0.00340721  0.19587795 40.63771839]
 [ 0.00006591 -0.00151565  0.69858803]]
H_four_points:
[[-29 -50]
 [ 27 -49]
 [-75 -45]
 [ 76 -49]]