Model Output: [-24.51737403869629, -50.91567611694336, 22.350509643554688, -52.55116653442383, -72.7937240600586, -52.556358337402344, 79.29551696777344, -52.527400970458984]
Target: [-18.74078369140625, -31.699689865112305, 28.04030990600586, -65.97630310058594, -84.12094116210938, -65.97630310058594, 56.22235107421875, -31.699689865112305]
Out2: [-24.51737403869629, -50.91567611694336, 22.350509643554688, -52.55116653442383, -72.7937240600586, -52.556358337402344, 79.29551696777344, -52.527400970458984]
out2 * 2: [-49.03474807739258, -101.83135223388672, 44.701019287109375, -105.10233306884766, -145.5874481201172, -105.11271667480469, 158.59103393554688, -105.05480194091797]
Loss: 54.067386627197266
H:
[[ 2.00646492e+00  8.58305833e-01 -1.27213329e+02]
 [-1.17275483e-02  3.27239493e+00 -1.89972046e+02]
 [-4.39234020e-05  6.90770520e-03  1.00000000e+00]]
H:
[[   2.00646492    0.85830583 -127.21332914]
 [  -0.01172755    3.27239493 -189.97204616]
 [  -0.00004392    0.00690771    1.        ]]
H_inverse:
[[ 4.97888415e-01 -1.88642115e-01  2.75013142e+01]
 [ 2.17976633e-03  2.17292526e-01  4.15568012e+01]
 [ 6.81176978e-06 -1.50927852e-03  7.14145820e-01]]
H_inverse:
[[ 0.49788842 -0.18864212 27.50131421]
 [ 0.00217977  0.21729253 41.55680118]
 [ 0.00000681 -0.00150928  0.71414582]]
H_four_points:
[[-25 -51]
 [ 22 -53]
 [-73 -53]
 [ 79 -53]]