Model Output: [-24.218994140625, -55.775943756103516, 24.76416778564453, -50.48633575439453, -75.69752502441406, -53.09113693237305, 77.06898498535156, -55.83551025390625]
Target: [-20.799137115478516, -36.196659088134766, 29.497024536132812, -67.950439453125, -88.49111938476562, -67.950439453125, 62.397369384765625, -36.196659088134766]
Out2: [-24.218994140625, -55.775943756103516, 24.76416778564453, -50.48633575439453, -75.69752502441406, -53.09113693237305, 77.06898498535156, -55.83551025390625]
out2 * 2: [-48.43798828125, -111.55188751220703, 49.52833557128906, -100.97267150878906, -151.39505004882812, -106.1822738647461, 154.13796997070312, -111.6710205078125]
Loss: 53.04979705810547
H:
[[ 2.17374367e+00  9.89338100e-01 -1.41903371e+02]
 [ 1.27626411e-03  3.67142247e+00 -2.22945946e+02]
 [ 1.59533014e-04  7.86150687e-03  1.00000000e+00]]
H:
[[   2.17374367    0.9893381  -141.90337096]
 [   0.00127626    3.67142247 -222.94594646]
 [   0.00015953    0.00786151    1.        ]]
H_inverse:
[[ 4.58277450e-01 -1.77841759e-01  2.53820156e+01]
 [-3.11286744e-03  1.85569919e-01  4.09303348e+01]
 [-4.86385538e-05 -1.43048756e-03  6.74176622e-01]]
H_inverse:
[[ 0.45827745 -0.17784176 25.38201557]
 [-0.00311287  0.18556992 40.93033483]
 [-0.00004864 -0.00143049  0.67417662]]
H_four_points:
[[-24 -56]
 [ 25 -50]
 [-76 -53]
 [ 77 -56]]