Model Output: [-25.085966110229492, -58.003692626953125, 21.346446990966797, -52.76494598388672, -69.1455078125, -54.36399459838867, 80.9969482421875, -54.80696487426758]
Target: [-23.040664672851562, -41.23231506347656, 30.920059204101562, -69.69049835205078, -92.7601318359375, -69.69049835205078, 69.12200164794922, -41.23231506347656]
Out2: [-25.085966110229492, -58.003692626953125, 21.346446990966797, -52.76494598388672, -69.1455078125, -54.36399459838867, 80.9969482421875, -54.80696487426758]
out2 * 2: [-50.171932220458984, -116.00738525390625, 42.692893981933594, -105.52989196777344, -138.291015625, -108.72798919677734, 161.993896484375, -109.61392974853516]
Loss: 49.41755676269531
H:
[[ 2.07964182e+00  8.31128506e-01 -1.30189687e+02]
 [ 1.78798767e-02  3.26536224e+00 -2.01496786e+02]
 [ 1.13669046e-04  6.73713795e-03  1.00000000e+00]]
H:
[[   2.07964182    0.83112851 -130.18968668]
 [   0.01787988    3.26536224 -201.49678555]
 [   0.00011367    0.00673714    1.        ]]
H_inverse:
[[ 4.80914891e-01 -1.77706633e-01  2.68028436e+01]
 [-4.24271759e-03  2.17883417e-01  4.33504500e+01]
 [-2.60813634e-05 -1.44771089e-03  7.04895384e-01]]
H_inverse:
[[ 0.48091489 -0.17770663 26.80284359]
 [-0.00424272  0.21788342 43.35045002]
 [-0.00002608 -0.00144771  0.70489538]]
H_four_points:
[[-25 -58]
 [ 21 -53]
 [-69 -54]
 [ 81 -55]]