Model Output: [-28.021488189697266, -55.246273040771484, 28.384309768676758, -53.54792022705078, -76.12017059326172, -52.82395553588867, 83.10299682617188, -51.550621032714844]
Target: [-25.497154235839844, -46.89596939086914, 32.31386184692383, -71.2081298828125, -96.94155883789062, -71.2081298828125, 76.49146270751953, -46.89596939086914]
Out2: [-28.021488189697266, -55.246273040771484, 28.384309768676758, -53.54792022705078, -76.12017059326172, -52.82395553588867, 83.10299682617188, -51.550621032714844]
out2 * 2: [-56.04297637939453, -110.49254608154297, 56.768619537353516, -107.09584045410156, -152.24034118652344, -105.64791107177734, 166.20599365234375, -103.10124206542969]
Loss: 48.76790237426758
H:
[[ 2.22747563e+00  1.12821261e+00 -1.58968420e+02]
 [ 1.83287765e-02  3.83768272e+00 -2.32835829e+02]
 [ 1.38447792e-05  8.57800740e-03  1.00000000e+00]]
H:
[[   2.22747563    1.12821261 -158.96842021]
 [   0.01832878    3.83768272 -232.83582892]
 [   0.00001384    0.00857801    1.        ]]
H_inverse:
[[ 4.50354602e-01 -1.92326203e-01  2.68117286e+01]
 [-1.66345794e-03  1.72091457e-01  3.98046198e+01]
 [ 8.03409448e-06 -1.47353908e-03  6.58184475e-01]]
H_inverse:
[[ 0.4503546  -0.1923262  26.81172859]
 [-0.00166346  0.17209146 39.80461979]
 [ 0.00000803 -0.00147354  0.65818447]]
H_four_points:
[[-28 -55]
 [ 28 -54]
 [-76 -53]
 [ 83 -52]]