Model Output: [-26.765771865844727, -54.278602600097656, 19.47159194946289, -52.631141662597656, -73.8748779296875, -51.93630599975586, 81.05873107910156, -49.57884979248047]
Target: [-28.207866668701172, -53.298465728759766, 33.682640075683594, -72.51334381103516, -101.04789733886719, -72.51334381103516, 84.62357330322266, -53.298465728759766]
Out2: [-26.765771865844727, -54.278602600097656, 19.47159194946289, -52.631141662597656, -73.8748779296875, -51.93630599975586, 81.05873107910156, -49.57884979248047]
out2 * 2: [-53.53154373168945, -108.55720520019531, 38.94318389892578, -105.26228332519531, -147.749755859375, -103.87261199951172, 162.11746215820312, -99.15769958496094]
Loss: 40.00076675415039
H:
[[ 2.08143555e+00  8.44974234e-01 -1.33537541e+02]
 [ 2.32502119e-02  3.33687135e+00 -2.00520027e+02]
 [ 3.93284450e-05  7.03528526e-03  1.00000000e+00]]
H:
[[   2.08143555    0.84497423 -133.53754119]
 [   0.02325021    3.33687135 -200.52002692]
 [   0.00003933    0.00703529    1.        ]]
H_inverse:
[[ 4.81931350e-01 -1.81140839e-01  2.80335615e+01]
 [-3.16067609e-03  2.11821306e-01  4.20523451e+01]
 [ 3.28264737e-06 -1.48309932e-03  7.03047240e-01]]
H_inverse:
[[ 0.48193135 -0.18114084 28.03356155]
 [-0.00316068  0.21182131 42.05234507]
 [ 0.00000328 -0.0014831   0.70304724]]
H_four_points:
[[-27 -54]
 [ 19 -53]
 [-74 -52]
 [ 81 -50]]