Model Output: [-23.023813247680664, -54.00901794433594, 22.974462509155273, -48.10219955444336, -75.29058074951172, -51.211360931396484, 74.26800537109375, -54.736846923828125]
Target: [-31.222049713134766, -60.578983306884766, 35.03031921386719, -73.61453247070312, -105.09097290039062, -73.61453247070312, 93.66609954833984, -60.578983306884766]
Out2: [-23.023813247680664, -54.00901794433594, 22.974462509155273, -48.10219955444336, -75.29058074951172, -51.211360931396484, 74.26800537109375, -54.736846923828125]
out2 * 2: [-46.04762649536133, -108.01803588867188, 45.94892501831055, -96.20439910888672, -150.58116149902344, -102.42272186279297, 148.5360107421875, -109.47369384765625]
Loss: 34.22951126098633
H:
[[ 2.07590115e+00  8.90605651e-01 -1.29622943e+02]
 [-4.59345313e-03  3.46264536e+00 -2.06624226e+02]
 [ 1.27250685e-04  7.20258648e-03  1.00000000e+00]]
H:
[[   2.07590115    0.89060565 -129.62294252]
 [  -0.00459345    3.46264536 -206.62422604]
 [   0.00012725    0.00720259    1.        ]]
H_inverse:
[[ 4.79754320e-01 -1.76772892e-01  2.56616046e+01]
 [-2.10275732e-03  2.02759323e-01  4.16224226e+01]
 [-4.59037743e-05 -1.43789709e-03  6.96945445e-01]]
H_inverse:
[[ 0.47975432 -0.17677289 25.66160461]
 [-0.00210276  0.20275932 41.62242264]
 [-0.0000459  -0.0014379   0.69694544]]
H_four_points:
[[-23 -54]
 [ 23 -48]
 [-75 -51]
 [ 74 -55]]