Model Output: [-25.462589263916016, -52.18062210083008, 26.150657653808594, -51.54484176635742, -74.83622741699219, -48.628990173339844, 77.81078338623047, -51.27767562866211]
Target: [-23.040664672851562, -41.23231506347656, 30.920059204101562, -69.69049835205078, -92.7601318359375, -69.69049835205078, 69.12200164794922, -41.23231506347656]
Out2: [-25.462589263916016, -52.18062210083008, 26.150657653808594, -51.54484176635742, -74.83622741699219, -48.628990173339844, 77.81078338623047, -51.27767562866211]
out2 * 2: [-50.92517852783203, -104.36124420166016, 52.30131530761719, -103.08968353271484, -149.67245483398438, -97.25798034667969, 155.62156677246094, -102.55535125732422]
Loss: 47.26203536987305
H:
[[ 2.00340534e+00  9.58549844e-01 -1.32404794e+02]
 [ 4.02868301e-03  3.45053197e+00 -2.03504085e+02]
 [-1.30500852e-04  7.40627718e-03  1.00000000e+00]]
H:
[[   2.00340534    0.95854984 -132.40479383]
 [   0.00402868    3.45053197 -203.50408544]
 [  -0.0001305     0.00740628    1.        ]]
H_inverse:
[[ 5.01268628e-01 -1.96066835e-01  2.64699675e+01]
 [ 2.27784599e-03  2.00813865e-01  4.11680396e+01]
 [ 4.85456240e-05 -1.51287003e-03  6.98552441e-01]]
H_inverse:
[[ 0.50126863 -0.19606683 26.46996747]
 [ 0.00227785  0.20081386 41.16803958]
 [ 0.00004855 -0.00151287  0.69855244]]
H_four_points:
[[-25 -52]
 [ 26 -52]
 [-75 -49]
 [ 78 -51]]