Model Output: [-24.69731330871582, -54.487571716308594, 23.827836990356445, -53.23147964477539, -74.7698745727539, -55.535179138183594, 74.30121612548828, -54.7025260925293]
Target: [-34.602230072021484, -68.91463470458984, 36.36058044433594, -74.51854705810547, -109.08175659179688, -74.51854705810547, 103.80667114257812, -68.91463470458984]
Out2: [-24.69731330871582, -54.487571716308594, 23.827836990356445, -53.23147964477539, -74.7698745727539, -55.535179138183594, 74.30121612548828, -54.7025260925293]
out2 * 2: [-49.39462661743164, -108.97514343261719, 47.65567398071289, -106.46295928955078, -149.5397491455078, -111.07035827636719, 148.60243225097656, -109.4050521850586]
Loss: 32.54854965209961
H:
[[ 2.11126953e+00  9.38935104e-01 -1.37309856e+02]
 [-4.60241337e-03  3.47708286e+00 -2.07391764e+02]
 [ 1.33021115e-04  7.44039248e-03  1.00000000e+00]]
H:
[[   2.11126953    0.9389351  -137.30985599]
 [  -0.00460241    3.47708286 -207.39176418]
 [   0.00013302    0.00744039    1.        ]]
H_inverse:
[[ 4.71573983e-01 -1.84168638e-01  2.65566969e+01]
 [-2.15912706e-03  2.00040105e-01  4.11902008e+01]
 [-4.66645440e-05 -1.46387857e-03  6.89996139e-01]]
H_inverse:
[[ 0.47157398 -0.18416864 26.55669694]
 [-0.00215913  0.2000401  41.19020079]
 [-0.00004666 -0.00146388  0.68999614]]
H_four_points:
[[-25 -54]
 [ 24 -53]
 [-75 -56]
 [ 74 -55]]