Model Output: [-25.059127807617188, -57.1281623840332, 26.549928665161133, -51.442962646484375, -71.50972747802734, -51.20057678222656, 77.07356262207031, -52.605899810791016]
Target: [-38.42913818359375, -78.53436279296875, 37.67692947387695, -75.23101806640625, -113.03085327148438, -75.23101806640625, 115.2873764038086, -78.53436279296875]
Out2: [-25.059127807617188, -57.1281623840332, 26.549928665161133, -51.442962646484375, -71.50972747802734, -51.20057678222656, 77.07356262207031, -52.605899810791016]
out2 * 2: [-50.118255615234375, -114.2563247680664, 53.099857330322266, -102.88592529296875, -143.0194549560547, -102.40115356445312, 154.14712524414062, -105.21179962158203]
Loss: 26.64810562133789
H:
[[ 2.11558444e+00  9.86709958e-01 -1.40544088e+02]
 [ 2.42290623e-02  3.54585152e+00 -2.18074407e+02]
 [ 9.00708634e-05  7.52321189e-03  1.00000000e+00]]
H:
[[   2.11558444    0.98670996 -140.54408768]
 [   0.02422906    3.54585152 -218.07440656]
 [   0.00009007    0.00752321    1.        ]]
H_inverse:
[[ 4.73719650e-01 -1.86698805e-01  2.58642649e+01]
 [-4.00708948e-03  1.94388556e-01  4.18279962e+01]
 [-1.25221546e-05 -1.44561017e-03  6.82989505e-01]]
H_inverse:
[[ 0.47371965 -0.18669881 25.86426492]
 [-0.00400709  0.19438856 41.82799624]
 [-0.00001252 -0.00144561  0.6829895 ]]
H_four_points:
[[-25 -57]
 [ 27 -51]
 [-72 -51]
 [ 77 -53]]