Model Output: [-27.606931686401367, -51.14901351928711, 23.97463035583496, -55.487831115722656, -74.80372619628906, -54.26820755004883, 82.35591888427734, -54.85237121582031]
Target: [-42.80880355834961, -89.73919677734375, 38.982791900634766, -75.75623321533203, -116.94840240478516, -75.75623321533203, 128.42636108398438, -89.73919677734375]
Out2: [-27.606931686401367, -51.14901351928711, 23.97463035583496, -55.487831115722656, -74.80372619628906, -54.26820755004883, 82.35591888427734, -54.85237121582031]
out2 * 2: [-55.213863372802734, -102.29802703857422, 47.94926071166992, -110.97566223144531, -149.60745239257812, -108.53641510009766, 164.7118377685547, -109.70474243164062]
Loss: 23.855005264282227
H:
[[ 2.04741689e+00  9.60006586e-01 -1.39492415e+02]
 [-2.42656576e-02  3.43943478e+00 -1.99438187e+02]
 [-1.41077755e-04  7.51203561e-03  1.00000000e+00]]
H:
[[   2.04741689    0.96000659 -139.4924153 ]
 [  -0.02426566    3.43943478 -199.43818694]
 [  -0.00014108    0.00751204    1.        ]]
H_inverse:
[[ 4.88031799e-01 -1.98457615e-01  2.84967075e+01]
 [ 5.17937986e-03  2.00420471e-01  4.06939795e+01]
 [ 2.99427445e-05 -1.53356367e-03  6.98325628e-01]]
H_inverse:
[[ 0.4880318  -0.19845761 28.49670754]
 [ 0.00517938  0.20042047 40.69397953]
 [ 0.00002994 -0.00153356  0.69832563]]
H_four_points:
[[-28 -51]
 [ 24 -55]
 [-75 -54]
 [ 82 -55]]