Model Output: [-26.635839462280273, -50.32468795776367, 24.49633026123047, -50.98682403564453, -75.17424011230469, -50.608062744140625, 76.82701110839844, -54.60329818725586]
Target: [-47.883399963378906, -102.93311309814453, 40.281368255615234, -76.09725952148438, -120.8441162109375, -76.09725952148438, 143.650146484375, -102.93311309814453]
Out2: [-26.635839462280273, -50.32468795776367, 24.49633026123047, -50.98682403564453, -75.17424011230469, -50.608062744140625, 76.82701110839844, -54.60329818725586]
out2 * 2: [-53.27167892456055, -100.64937591552734, 48.99266052246094, -101.97364807128906, -150.34848022460938, -101.21612548828125, 153.65402221679688, -109.20659637451172]
Loss: 14.145035743713379
H:
[[ 2.00582843e+00  9.28697733e-01 -1.33890624e+02]
 [-2.94475713e-02  3.40299656e+00 -1.95505333e+02]
 [-1.09470525e-04  7.25433977e-03  1.00000000e+00]]
H:
[[   2.00582843    0.92869773 -133.8906243 ]
 [  -0.02944757    3.40299656 -195.50533268]
 [  -0.00010947    0.00725434    1.        ]]
H_inverse:
[[ 4.97213012e-01 -1.95944199e-01  2.82640248e+01]
 [ 5.24408785e-03  2.05348100e-01  4.08487828e+01]
 [ 1.63877745e-05 -1.51111500e-03  7.06763128e-01]]
H_inverse:
[[ 0.49721301 -0.1959442  28.26402476]
 [ 0.00524409  0.2053481  40.84878276]
 [ 0.00001639 -0.00151112  0.70676313]]
H_four_points:
[[-27 -50]
 [ 24 -51]
 [-75 -51]
 [ 77 -55]]