Model Output: [-23.697559356689453, -50.79902267456055, 24.32961082458496, -53.645870208740234, -65.5468978881836, -51.927974700927734, 71.03564453125, -50.166114807128906]
Target: [-53.847984313964844, -118.6708984375, 41.57592010498047, -76.2561264038086, -124.72776794433594, -76.2561264038086, 161.5439453125, -118.6708984375]
Out2: [-23.697559356689453, -50.79902267456055, 24.32961082458496, -53.645870208740234, -65.5468978881836, -51.927974700927734, 71.03564453125, -50.166114807128906]
out2 * 2: [-47.395118713378906, -101.5980453491211, 48.65922164916992, -107.29174041748047, -131.0937957763672, -103.85594940185547, 142.0712890625, -100.33222961425781]
Loss: 16.67772674560547
H:
[[ 1.85904550e+00  7.79773768e-01 -1.13875076e+02]
 [ 4.42211488e-03  2.93673188e+00 -1.70355815e+02]
 [-6.78494754e-05  5.93087961e-03  1.00000000e+00]]
H:
[[   1.8590455     0.77977377 -113.87507595]
 [   0.00442211    2.93673188 -170.3558148 ]
 [  -0.00006785    0.00593088    1.        ]]
H_inverse:
[[ 5.39388847e-01 -1.98853594e-01  2.75470800e+01]
 [ 9.75228151e-04  2.52991561e-01  4.32096377e+01]
 [ 3.08132896e-05 -1.51395460e-03  7.45597896e-01]]
H_inverse:
[[ 0.53938885 -0.19885359 27.54707995]
 [ 0.00097523  0.25299156 43.20963769]
 [ 0.00003081 -0.00151395  0.7455979 ]]
H_four_points:
[[-24 -51]
 [ 24 -54]
 [-66 -52]
 [ 71 -50]]