Model Output: [-24.08327293395996, -50.121212005615234, 23.20899200439453, -50.59849166870117, -67.75675201416016, -48.764503479003906, 76.27369689941406, -55.11708450317383]
Target: [-60.97798156738281, -137.7359161376953, 42.86957550048828, -76.23359680175781, -128.60877990722656, -76.23359680175781, 182.93389892578125, -137.7359161376953]
Out2: [-24.08327293395996, -50.121212005615234, 23.20899200439453, -50.59849166870117, -67.75675201416016, -48.764503479003906, 76.27369689941406, -55.11708450317383]
out2 * 2: [-48.16654586791992, -100.24242401123047, 46.41798400878906, -101.19698333740234, -135.5135040283203, -97.52900695800781, 152.54739379882812, -110.23416900634766]
Loss: 20.613140106201172
H:
[[ 1.83731928e+00  7.79096386e-01 -1.12440687e+02]
 [-2.85679192e-02  2.99812809e+00 -1.70798380e+02]
 [-1.89734347e-04  6.05298242e-03  1.00000000e+00]]
H:
[[   1.83731928    0.77909639 -112.44068734]
 [  -0.02856792    2.99812809 -170.79838041]
 [  -0.00018973    0.00605298    1.        ]]
H_inverse:
[[ 5.44051884e-01 -1.96963728e-01  2.75324820e+01]
 [ 8.22753353e-03  2.45039238e-01  4.27774145e+01]
 [ 5.34242132e-05 -1.52058898e-03  7.46292920e-01]]
H_inverse:
[[ 0.54405188 -0.19696373 27.53248197]
 [ 0.00822753  0.24503924 42.77741445]
 [ 0.00005342 -0.00152059  0.74629292]]
H_four_points:
[[-24 -50]
 [ 23 -51]
 [-68 -49]
 [ 76 -55]]