Model Output: [-27.99776268005371, -53.39524841308594, 20.580984115600586, -46.10362243652344, -71.8329849243164, -51.56666564941406, 75.44685363769531, -54.793155670166016]
Target: [-69.67487335205078, -161.2708740234375, 44.16550827026367, -76.02947998046875, -132.49658203125, -76.02947998046875, 209.0245361328125, -161.2708740234375]
Out2: [-27.99776268005371, -53.39524841308594, 20.580984115600586, -46.10362243652344, -71.8329849243164, -51.56666564941406, 75.44685363769531, -54.793155670166016]
out2 * 2: [-55.99552536010742, -106.79049682617188, 41.16196823120117, -92.20724487304688, -143.6659698486328, -103.13333129882812, 150.89370727539062, -109.58631134033203]
Loss: 29.428707122802734
H:
[[ 2.16784685e+00  8.90237022e-01 -1.42648181e+02]
 [-9.22482391e-03  3.47460561e+00 -2.05568786e+02]
 [ 2.54658524e-04  7.15384272e-03  1.00000000e+00]]
H:
[[   2.16784685    0.89023702 -142.64818117]
 [  -0.00922482    3.47460561 -205.56878566]
 [   0.00025466    0.00715384    1.        ]]
H_inverse:
[[ 4.57140583e-01 -1.76628917e-01  2.89008807e+01]
 [-3.98652172e-03  2.03756088e-01  4.13172214e+01]
 [-8.78957964e-05 -1.41265895e-03  6.97063241e-01]]
H_inverse:
[[ 0.45714058 -0.17662892 28.9008807 ]
 [-0.00398652  0.20375609 41.31722141]
 [-0.0000879  -0.00141266  0.69706324]]
H_four_points:
[[-28 -53]
 [ 21 -46]
 [-72 -52]
 [ 75 -55]]