Model Output: [-24.281816482543945, -51.02436828613281, 19.777889251708984, -46.66061019897461, -62.34269714355469, -49.1412239074707, 68.53306579589844, -49.14994430541992]
Target: [-80.5480728149414, -191.01055908203125, 45.46689987182617, -75.6423568725586, -136.4007568359375, -75.6423568725586, 241.6441650390625, -191.01055908203125]
Out2: [-24.281816482543945, -51.02436828613281, 19.777889251708984, -46.66061019897461, -62.34269714355469, -49.1412239074707, 68.53306579589844, -49.14994430541992]
out2 * 2: [-48.56363296508789, -102.04873657226562, 39.55577850341797, -93.32122039794922, -124.68539428710938, -98.2824478149414, 137.06613159179688, -98.29988861083984]
Loss: 47.02254867553711
H:
[[ 1.89535631e+00  6.87771494e-01 -1.11135196e+02]
 [ 1.24578898e-02  2.85436312e+00 -1.65866425e+02]
 [ 1.24992352e-04  5.41601661e-03  1.00000000e+00]]
H:
[[   1.89535631    0.68777149 -111.13519632]
 [   0.01245789    2.85436312 -165.866425  ]
 [   0.00012499    0.00541602    1.        ]]
H_inverse:
[[ 5.26914517e-01 -1.81083546e-01  2.85230679e+01]
 [-4.66018075e-03  2.68076470e-01  4.39469756e+01]
 [-4.06206686e-05 -1.42927256e-03  7.58417285e-01]]
H_inverse:
[[ 0.52691452 -0.18108355 28.52306794]
 [-0.00466018  0.26807647 43.94697565]
 [-0.00004062 -0.00142927  0.75841728]]
H_four_points:
[[-24 -51]
 [ 20 -47]
 [-62 -49]
 [ 69 -49]]