Model Output: [-17.024274826049805, -46.631046295166016, 15.450937271118164, -39.28834915161133, -55.427494049072266, -47.490325927734375, 61.226139068603516, -46.8211784362793]
Target: [-94.56956481933594, -229.72239685058594, 46.7769889831543, -75.0697021484375, -140.3310089111328, -75.0697021484375, 283.7085876464844, -229.72239685058594]
Out2: [-17.024274826049805, -46.631046295166016, 15.450937271118164, -39.28834915161133, -55.427494049072266, -47.490325927734375, 61.226139068603516, -46.8211784362793]
out2 * 2: [-34.04854965209961, -93.26209259033203, 30.901874542236328, -78.57669830322266, -110.85498809814453, -94.98065185546875, 122.45227813720703, -93.6423568725586]
Loss: 70.3858413696289
H:
[[ 1.78681401e+00  4.90537917e-01 -8.53271285e+01]
 [ 4.88593182e-03  2.49899838e+00 -1.38393325e+02]
 [ 2.87407754e-04  4.17515696e-03  1.00000000e+00]]
H:
[[   1.78681401    0.49053792  -85.32712854]
 [   0.00488593    2.49899838 -138.39332526]
 [   0.00028741    0.00417516    1.        ]]
H_inverse:
[[ 5.55850114e-01 -1.52979589e-01  2.62577401e+01]
 [-8.06840235e-03  3.27232273e-01  4.45983088e+01]
 [-1.26068787e-04 -1.32227858e-03  8.06248383e-01]]
H_inverse:
[[ 0.55585011 -0.15297959 26.25774015]
 [-0.0080684   0.32723227 44.59830877]
 [-0.00012607 -0.00132228  0.80624838]]
H_four_points:
[[-17 -47]
 [ 15 -39]
 [-55 -47]
 [ 61 -47]]