Model Output: [-18.094566345214844, -43.30274200439453, 17.1595516204834, -42.909786224365234, -52.829158782958984, -38.353092193603516, 62.38484573364258, -43.4432487487793]
Target: [-113.39070129394531, -282.10858154296875, 48.099090576171875, -74.307861328125, -144.29730224609375, -74.307861328125, 340.1719970703125, -282.10858154296875]
Out2: [-18.094566345214844, -43.30274200439453, 17.1595516204834, -42.909786224365234, -52.829158782958984, -38.353092193603516, 62.38484573364258, -43.4432487487793]
out2 * 2: [-36.18913269042969, -86.60548400878906, 34.3191032409668, -85.81957244873047, -105.65831756591797, -76.70618438720703, 124.76969146728516, -86.8864974975586]
Loss: 93.7072525024414
H:
[[ 1.55310046e+00  4.74246541e-01 -7.31155781e+01]
 [-3.45418544e-03  2.27735885e+00 -1.19674959e+02]
 [-1.64485021e-04  3.77679148e-03  1.00000000e+00]]
H:
[[   1.55310046    0.47424654  -73.11557814]
 [  -0.00345419    2.27735885 -119.6749588 ]
 [  -0.00016449    0.00377679    1.        ]]
H_inverse:
[[ 6.46230400e-01 -1.77670415e-01  2.59868097e+01]
 [ 5.47862918e-03  3.64881850e-01  4.40677936e+01]
 [ 8.56035809e-05 -1.40730678e-03  8.37839574e-01]]
H_inverse:
[[ 0.6462304  -0.17767042 25.98680967]
 [ 0.00547863  0.36488185 44.06779355]
 [ 0.0000856  -0.00140731  0.83783957]]
H_four_points:
[[-18 -43]
 [ 17 -43]
 [-53 -38]
 [ 62 -43]]