Model Output: [-25.68012809753418, -53.97658920288086, 26.660493850708008, -51.030582427978516, -75.45811462402344, -50.28309631347656, 79.08743286132812, -56.372615814208984]
Target: [-25.497154235839844, -46.89596939086914, 32.31386184692383, -71.2081298828125, -96.94155883789062, -71.2081298828125, 76.49146270751953, -46.89596939086914]
Out2: [-25.68012809753418, -53.97658920288086, 26.660493850708008, -51.030582427978516, -75.45811462402344, -50.28309631347656, 79.08743286132812, -56.372615814208984]
out2 * 2: [-51.36025619506836, -107.95317840576172, 53.320987701416016, -102.06116485595703, -150.91622924804688, -100.56619262695312, 158.17486572265625, -112.74523162841797]
Loss: 46.20573425292969
H:
[[ 2.05946281e+00  1.01003426e+00 -1.39918691e+02]
 [-1.23898122e-02  3.58034038e+00 -2.13472751e+02]
 [-9.59838850e-05  7.71486617e-03  1.00000000e+00]]
H:
[[   2.05946281    1.01003426 -139.9186906 ]
 [  -0.01238981    3.58034038 -213.47275148]
 [  -0.00009598    0.00771487    1.        ]]
H_inverse:
[[ 4.85631174e-01 -1.94121160e-01  2.65093000e+01]
 [ 3.05465056e-03  1.90083996e-01  4.10051563e+01]
 [ 2.30465465e-05 -1.48510509e-03  6.86195173e-01]]
H_inverse:
[[ 0.48563117 -0.19412116 26.50929996]
 [ 0.00305465  0.190084   41.0051563 ]
 [ 0.00002305 -0.00148511  0.68619517]]
H_four_points:
[[-26 -54]
 [ 27 -51]
 [-75 -50]
 [ 79 -56]]