Model Output: [-13.436966896057129, -38.720462799072266, 14.581904411315918, -30.895471572875977, -43.9954833984375, -36.70587921142578, 38.564605712890625, -24.644567489624023]
Target: [0.0, 0.0, 0.0, 0.0, 0.0, 0.0, 0.0, 0.0]
Out2: [-13.436966896057129, -38.720462799072266, 14.581904411315918, -30.895471572875977, -43.9954833984375, -36.70587921142578, 38.564605712890625, -24.644567489624023]
out2 * 2: [-26.873933792114258, -77.44092559814453, 29.163808822631836, -61.79094314575195, -87.990966796875, -73.41175842285156, 77.12921142578125, -49.28913497924805]
Loss: 60.38633728027344
H:
[[ 1.62344616e+00  3.58712483e-01 -6.50198815e+01]
 [ 8.41949834e-02  2.07750828e+00 -1.08036131e+02]
 [ 4.58604155e-04  2.86194482e-03  1.00000000e+00]]
H:
[[   1.62344616    0.35871248  -65.01988148]
 [   0.08419498    2.07750828 -108.03613076]
 [   0.0004586     0.00286194    1.        ]]
H_inverse:
[[ 6.16243007e-01 -1.40665503e-01  2.48710906e+01]
 [-3.45316857e-02  4.26870566e-01  4.38721982e+01]
 [-1.83783824e-04 -1.15717022e-03  8.63034204e-01]]
H_inverse:
[[ 0.61624301 -0.1406655  24.87109057]
 [-0.03453169  0.42687057 43.87219816]
 [-0.00018378 -0.00115717  0.8630342 ]]
H_four_points:
[[-13 -39]
 [ 15 -31]
 [-44 -37]
 [ 39 -25]]