Model Output: [-18.93685531616211, -44.83721160888672, 21.972309112548828, -31.023006439208984, -53.18705368041992, -36.597251892089844, 63.37497329711914, -40.185054779052734]
Target: [-0.9954100251197815, -1.076645016670227, 2.8348500728607178, -8.407469749450684, -8.504520416259766, -8.407469749450684, 2.9862399101257324, -1.076645016670227]
Out2: [-18.93685531616211, -44.83721160888672, 21.972309112548828, -31.023006439208984, -53.18705368041992, -36.597251892089844, 63.37497329711914, -40.185054779052734]
out2 * 2: [-37.87371063232422, -89.67442321777344, 43.944618225097656, -62.04601287841797, -106.37410736083984, -73.19450378417969, 126.74994659423828, -80.37010955810547]
Loss: 73.24227142333984
H:
[[ 1.86941327e+00  6.14482451e-01 -9.95317460e+01]
 [ 3.36616751e-02  2.74714234e+00 -1.52875590e+02]
 [ 3.27671421e-04  4.68537734e-03  1.00000000e+00]]
H:
[[   1.86941327    0.61448245  -99.53174603]
 [   0.03366168    2.74714234 -152.87558988]
 [   0.00032767    0.00468538    1.        ]]
H_inverse:
[[ 5.33080364e-01 -1.66357786e-01  2.76263747e+01]
 [-1.28912821e-02  2.92754734e-01  4.34719608e+01]
 [-1.14274679e-04 -1.31715571e-03  7.87265086e-01]]
H_inverse:
[[ 0.53308036 -0.16635779 27.62637468]
 [-0.01289128  0.29275473 43.47196085]
 [-0.00011427 -0.00131716  0.78726509]]
H_four_points:
[[-19 -45]
 [ 22 -31]
 [-53 -37]
 [ 63 -40]]