Model Output: [-18.692554473876953, -41.761898040771484, 20.259517669677734, -29.8927001953125, -56.78065872192383, -33.258338928222656, 63.19731903076172, -47.97201919555664]
Target: [-2.02059006690979, -2.278594970703125, 5.468929767608643, -15.967379570007324, -16.40679931640625, -15.967379570007324, 6.061769962310791, -2.278594970703125]
Out2: [-18.692554473876953, -41.761898040771484, 20.259517669677734, -29.8927001953125, -56.78065872192383, -33.258338928222656, 63.19731903076172, -47.97201919555664]
out2 * 2: [-37.385108947753906, -83.52379608154297, 40.51903533935547, -59.785400390625, -113.56131744384766, -66.51667785644531, 126.39463806152344, -95.94403839111328]
Loss: 69.64749908447266
H:
[[ 1.69367655e+00  5.69761346e-01 -8.70530925e+01]
 [-3.02078261e-02  2.63621442e+00 -1.38523255e+02]
 [-6.25304315e-06  4.45310468e-03  1.00000000e+00]]
H:
[[   1.69367655    0.56976135  -87.05309251]
 [  -0.03020783    2.63621442 -138.52325465]
 [  -0.00000625    0.0044531     1.        ]]
H_inverse:
[[ 5.87448234e-01 -1.72892968e-01  2.71894887e+01]
 [ 5.61142562e-03  3.05750142e-01  4.28419967e+01]
 [-2.13149265e-05 -1.36261849e-03  8.09390121e-01]]
H_inverse:
[[ 0.58744823 -0.17289297 27.18948873]
 [ 0.00561143  0.30575014 42.84199667]
 [-0.00002131 -0.00136262  0.80939012]]
H_four_points:
[[-19 -42]
 [ 20 -30]
 [-57 -33]
 [ 63 -48]]