Model Output: [-20.12175941467285, -48.67527389526367, 22.333173751831055, -28.474702835083008, -64.26741027832031, -30.15983009338379, 60.6474723815918, -42.771846771240234]
Target: [-3.0794999599456787, -3.61468505859375, 7.9286041259765625, -22.78260040283203, -23.78580093383789, -22.78260040283203, 9.238499641418457, -3.61468505859375]
Out2: [-20.12175941467285, -48.67527389526367, 22.333173751831055, -28.474702835083008, -64.26741027832031, -30.15983009338379, 60.6474723815918, -42.771846771240234]
out2 * 2: [-40.2435188293457, -97.35054779052734, 44.66634750366211, -56.949405670166016, -128.53482055664062, -60.31966018676758, 121.2949447631836, -85.54369354248047]
Loss: 67.2594985961914
H:
[[ 1.85822520e+00  6.81706896e-01 -1.02955496e+02]
 [ 3.58859724e-02  3.02574635e+00 -1.75626233e+02]
 [ 1.97082344e-04  5.34274644e-03  1.00000000e+00]]
H:
[[   1.8582252     0.6817069  -102.95549615]
 [   0.03588597    3.02574635 -175.62623322]
 [   0.00019708    0.00534275    1.        ]]
H_inverse:
[[ 5.38616214e-01 -1.67366345e-01  2.60595788e+01]
 [-9.57898604e-03  2.55242318e-01  4.38410376e+01]
 [-5.49736523e-05 -1.33071003e-03  7.60632569e-01]]
H_inverse:
[[ 0.53861621 -0.16736635 26.05957877]
 [-0.00957899  0.25524232 43.84103762]
 [-0.00005497 -0.00133071  0.76063257]]
H_four_points:
[[-20 -49]
 [ 22 -28]
 [-64 -30]
 [ 61 -43]]