Model Output: [-17.565418243408203, -47.1720085144043, 20.814897537231445, -31.661062240600586, -64.26709747314453, -30.49343490600586, 65.57005310058594, -44.70900344848633]
Target: [-4.176519870758057, -5.095180034637451, 10.236029624938965, -28.939239501953125, -30.7081298828125, -28.939239501953125, 12.529500007629395, -5.095180034637451]
Out2: [-17.565418243408203, -47.1720085144043, 20.814897537231445, -31.661062240600586, -64.26709747314453, -30.49343490600586, 65.57005310058594, -44.70900344848633]
out2 * 2: [-35.130836486816406, -94.3440170288086, 41.62979507446289, -63.32212448120117, -128.53419494628906, -60.98686981201172, 131.14010620117188, -89.41800689697266]
Loss: 64.8483657836914
H:
[[ 1.74204643e+00  6.33052236e-01 -9.11690683e+01]
 [ 9.62046714e-03  2.86230327e+00 -1.61319789e+02]
 [-3.74708215e-05  5.07729632e-03  1.00000000e+00]]
H:
[[   1.74204643    0.63305224  -91.16906835]
 [   0.00962047    2.86230327 -161.31978885]
 [  -0.00003747    0.0050773     1.        ]]
H_inverse:
[[ 5.75517783e-01 -1.71331687e-01  2.48302286e+01]
 [-5.58995084e-04  2.71804296e-01  4.37964486e+01]
 [ 2.44033078e-05 -1.38645089e-03  7.78562862e-01]]
H_inverse:
[[ 0.57551778 -0.17133169 24.83022856]
 [-0.000559    0.2718043  43.79644864]
 [ 0.0000244  -0.00138645  0.77856286]]
H_four_points:
[[-18 -47]
 [ 21 -32]
 [-64 -30]
 [ 66 -45]]