Model Output: [-20.580705642700195, -50.63406753540039, 19.5640811920166, -31.70240020751953, -70.44100189208984, -36.47041702270508, 69.75231170654297, -51.5508918762207]
Target: [-5.316530227661133, -6.731864929199219, 12.410039901733398, -34.50986099243164, -37.230159759521484, -34.50986099243164, 15.949520111083984, -6.731864929199219]
Out2: [-20.580705642700195, -50.63406753540039, 19.5640811920166, -31.70240020751953, -70.44100189208984, -36.47041702270508, 69.75231170654297, -51.5508918762207]
out2 * 2: [-41.16141128540039, -101.26813507080078, 39.1281623840332, -63.40480041503906, -140.8820037841797, -72.94083404541016, 139.50462341308594, -103.1017837524414]
Loss: 68.50025177001953
H:
[[ 1.95474934e+00  7.35211069e-01 -1.11999153e+02]
 [-3.66781966e-03  3.25537084e+00 -1.89921596e+02]
 [ 1.49761950e-04  6.08509028e-03  1.00000000e+00]]
H:
[[   1.95474934    0.73521107 -111.9991529 ]
 [  -0.00366782    3.25537084 -189.92159631]
 [   0.00014976    0.00608509    1.        ]]
H_inverse:
[[ 5.09277690e-01 -1.63568825e-01  2.59734175e+01]
 [-2.86041418e-03  2.27621535e-01  4.29098813e+01]
 [-5.88645412e-05 -1.36060120e-03  7.34999669e-01]]
H_inverse:
[[ 0.50927769 -0.16356883 25.97341745]
 [-0.00286041  0.22762153 42.90988126]
 [-0.00005886 -0.0013606   0.73499967]]
H_four_points:
[[-21 -51]
 [ 20 -32]
 [-70 -36]
 [ 70 -52]]