Model Output: [-17.75715446472168, -52.88310241699219, 21.193811416625977, -33.964332580566406, -70.95596313476562, -36.51471710205078, 74.20928192138672, -49.65620803833008]
Target: [-6.505040168762207, -8.538475036621094, 14.466705322265625, -39.555660247802734, -43.400150299072266, -39.555660247802734, 19.515100479125977, -8.538475036621094]
Out2: [-17.75715446472168, -52.88310241699219, 21.193811416625977, -33.964332580566406, -70.95596313476562, -36.51471710205078, 74.20928192138672, -49.65620803833008]
out2 * 2: [-35.51430892944336, -105.76620483398438, 42.38762283325195, -67.92866516113281, -141.91192626953125, -73.02943420410156, 148.41856384277344, -99.31241607666016]
Loss: 66.77423095703125
H:
[[ 2.01080782e+00  7.61349377e-01 -1.11979426e+02]
 [ 1.94065141e-02  3.36067528e+00 -2.00676866e+02]
 [ 1.95404732e-04  6.40739241e-03  1.00000000e+00]]
H:
[[   2.01080782    0.76134938 -111.97942551]
 [   0.01940651    3.36067528 -200.67686571]
 [   0.0001954     0.00640739    1.        ]]
H_inverse:
[[ 4.96516406e-01 -1.58027014e-01  2.38872561e+01]
 [-6.26400787e-03  2.17209839e-01  4.28875498e+01]
 [-5.68856989e-05 -1.36086945e-03  7.20534957e-01]]
H_inverse:
[[ 0.49651641 -0.15802701 23.88725608]
 [-0.00626401  0.21720984 42.88754976]
 [-0.00005689 -0.00136087  0.72053496]]
H_four_points:
[[-18 -53]
 [ 21 -34]
 [-71 -37]
 [ 74 -50]]