Model Output: [-18.70242691040039, -51.27884292602539, 21.296342849731445, -37.24108123779297, -69.69586181640625, -36.481475830078125, 72.541748046875, -45.74990463256836]
Target: [-7.748276233673096, -10.530830383300781, 16.419889450073242, -44.12894058227539, -49.25967025756836, -44.12894058227539, 23.244840621948242, -10.530830383300781]
Out2: [-18.70242691040039, -51.27884292602539, 21.296342849731445, -37.24108123779297, -69.69586181640625, -36.481475830078125, 72.541748046875, -45.74990463256836]
out2 * 2: [-37.40485382080078, -102.55768585205078, 42.59268569946289, -74.48216247558594, -139.3917236328125, -72.96295166015625, 145.08349609375, -91.49980926513672]
Loss: 62.49789047241211
H:
[[ 1.91731748e+00  7.35182795e-01 -1.07057276e+02]
 [ 2.82760522e-02  3.19244937e+00 -1.88012302e+02]
 [ 5.89622642e-05  6.08782287e-03  1.00000000e+00]]
H:
[[   1.91731748    0.7351828  -107.05727622]
 [   0.02827605    3.19244937 -188.01230173]
 [   0.00005896    0.00608782    1.        ]]
H_inverse:
[[ 5.23274614e-01 -1.67336555e-01  2.45590239e+01]
 [-4.74909004e-03  2.32090969e-01  4.31275327e+01]
 [-1.94183700e-06 -1.40306217e-03  7.35999164e-01]]
H_inverse:
[[ 0.52327461 -0.16733656 24.5590239 ]
 [-0.00474909  0.23209097 43.12753274]
 [-0.00000194 -0.00140306  0.73599916]]
H_four_points:
[[-19 -51]
 [ 21 -37]
 [-70 -36]
 [ 73 -46]]