Model Output: [-22.707172393798828, -50.100032806396484, 22.646743774414062, -37.24684524536133, -68.60289001464844, -37.974483489990234, 72.99105072021484, -48.31822204589844]
Target: [-9.053330421447754, -12.727370262145996, 18.28158950805664, -48.274349212646484, -54.84479904174805, -48.274349212646484, 27.159969329833984, -12.727370262145996]
Out2: [-22.707172393798828, -50.100032806396484, 22.646743774414062, -37.24684524536133, -68.60289001464844, -37.974483489990234, 72.99105072021484, -48.31822204589844]
out2 * 2: [-45.414344787597656, -100.20006561279297, 45.293487548828125, -74.49369049072266, -137.20578002929688, -75.94896697998047, 145.9821014404297, -96.63644409179688]
Loss: 61.228965759277344
H:
[[ 1.98126130e+00  8.12703814e-01 -1.20749963e+02]
 [ 1.24481940e-02  3.30396474e+00 -1.92423763e+02]
 [ 8.65129383e-05  6.41646107e-03  1.00000000e+00]]
H:
[[   1.9812613     0.81270381 -120.74996336]
 [   0.01244819    3.30396474 -192.42376276]
 [   0.00008651    0.00641646    1.        ]]
H_inverse:
[[ 5.04660287e-01 -1.76516099e-01  2.69718191e+01]
 [-3.23516477e-03  2.21461680e-01  4.22238438e+01]
 [-2.29013355e-05 -1.40572932e-03  7.26738939e-01]]
H_inverse:
[[ 0.50466029 -0.1765161  26.97181914]
 [-0.00323516  0.22146168 42.22384375]
 [-0.0000229  -0.00140573  0.72673894]]
H_four_points:
[[-23 -50]
 [ 23 -37]
 [-69 -38]
 [ 73 -48]]