Model Output: [-18.441612243652344, -49.47488784790039, 24.329858779907227, -37.14628982543945, -72.68766784667969, -42.73577117919922, 76.35945892333984, -46.39697265625]
Target: [-10.428299903869629, -15.149539947509766, 20.06232452392578, -52.03023910522461, -60.186981201171875, -52.03023910522461, 31.284879684448242, -15.149539947509766]
Out2: [-18.441612243652344, -49.47488784790039, 24.329858779907227, -37.14628982543945, -72.68766784667969, -42.73577117919922, 76.35945892333984, -46.39697265625]
out2 * 2: [-36.88322448730469, -98.94977569580078, 48.65971755981445, -74.2925796508789, -145.37533569335938, -85.47154235839844, 152.7189178466797, -92.7939453125]
Loss: 59.852874755859375
H:
[[ 2.19248818e+00  8.93663698e-01 -1.28724381e+02]
 [ 2.42502796e-02  3.65046057e+00 -2.12750188e+02]
 [ 3.73656750e-04  7.36728733e-03  1.00000000e+00]]
H:
[[   2.19248818    0.8936637  -128.72438081]
 [   0.02425028    3.65046057 -212.75018792]
 [   0.00037366    0.00736729    1.        ]]
H_inverse:
[[ 4.53728244e-01 -1.60175750e-01  2.43284662e+01]
 [-9.02141479e-03  1.94834484e-01  4.02897970e+01]
 [-1.03075266e-04 -1.37555087e-03  6.94082994e-01]]
H_inverse:
[[ 0.45372824 -0.16017575 24.32846621]
 [-0.00902141  0.19483448 40.28979699]
 [-0.00010308 -0.00137555  0.69408299]]
H_four_points:
[[-18 -49]
 [ 24 -37]
 [-73 -43]
 [ 76 -46]]