Model Output: [-23.093128204345703, -49.22867202758789, 24.699033737182617, -52.28972244262695, -75.02119445800781, -54.03901672363281, 73.77796936035156, -53.668216705322266]
Target: [-28.207866668701172, -53.298465728759766, 33.682640075683594, -72.51334381103516, -101.04789733886719, -72.51334381103516, 84.62357330322266, -53.298465728759766]
Out2: [-23.093128204345703, -49.22867202758789, 24.699033737182617, -52.28972244262695, -75.02119445800781, -54.03901672363281, 73.77796936035156, -53.668216705322266]
out2 * 2: [-46.186256408691406, -98.45734405517578, 49.398067474365234, -104.5794448852539, -150.04238891601562, -108.07803344726562, 147.55593872070312, -107.33643341064453]
Loss: 39.05603790283203
H:
[[ 2.00819931e+00  9.13457080e-01 -1.27150109e+02]
 [-2.86105729e-02  3.36895055e+00 -1.91890575e+02]
 [-1.06428512e-05  7.18895836e-03  1.00000000e+00]]
H:
[[   2.00819931    0.91345708 -127.15010907]
 [  -0.02861057    3.36895055 -191.89057538]
 [  -0.00001064    0.00718896    1.        ]]
H_inverse:
[[ 4.95382189e-01 -1.90657776e-01  2.64024690e+01]
 [ 3.19786211e-03  2.09364545e-01  4.05816916e+01]
 [-1.77170186e-05 -1.50714214e-03  7.08540907e-01]]
H_inverse:
[[ 0.49538219 -0.19065778 26.40246902]
 [ 0.00319786  0.20936455 40.58169159]
 [-0.00001772 -0.00150714  0.70854091]]
H_four_points:
[[-23 -49]
 [ 25 -52]
 [-75 -54]
 [ 74 -54]]