Model Output: [-22.458271026611328, -45.94819259643555, 26.520063400268555, -38.167724609375, -65.47019958496094, -41.798519134521484, 74.21249389648438, -48.98243713378906]
Target: [-11.882572174072266, -17.822486877441406, 21.771299362182617, -55.42959976196289, -65.31390380859375, -55.42959976196289, 35.647701263427734, -17.822486877441406]
Out2: [-22.458271026611328, -45.94819259643555, 26.520063400268555, -38.167724609375, -65.47019958496094, -41.798519134521484, 74.21249389648438, -48.98243713378906]
out2 * 2: [-44.916542053222656, -91.8963851928711, 53.04012680053711, -76.33544921875, -130.94039916992188, -83.59703826904297, 148.42498779296875, -97.96487426757812]
Loss: 55.74951934814453
H:
[[ 2.00164538e+00  8.60549043e-01 -1.23477025e+02]
 [-1.48663453e-02  3.28952125e+00 -1.83990735e+02]
 [ 1.19464964e-04  6.46662806e-03  1.00000000e+00]]
H:
[[   2.00164538    0.86054904 -123.47702517]
 [  -0.01486635    3.28952125 -183.99073494]
 [   0.00011946    0.00646663    1.        ]]
H_inverse:
[[ 4.96583093e-01 -1.83922025e-01  2.74766545e+01]
 [-7.88678117e-04  2.23540233e-01  4.10319482e+01]
 [-5.42241932e-05 -1.42357931e-03  7.31379155e-01]]
H_inverse:
[[ 0.49658309 -0.18392202 27.47665447]
 [-0.00078868  0.22354023 41.0319482 ]
 [-0.00005422 -0.00142358  0.73137915]]
H_four_points:
[[-22 -46]
 [ 27 -38]
 [-65 -42]
 [ 74 -49]]