Model Output: [-23.021800994873047, -48.887271881103516, 23.058002471923828, -40.707763671875, -71.24504852294922, -45.04243087768555, 69.8968276977539, -49.56706619262695]
Target: [-13.427013397216797, -20.775650024414062, 23.416690826416016, -58.500850677490234, -70.25006103515625, -58.500850677490234, 40.28104019165039, -20.775650024414062]
Out2: [-23.021800994873047, -48.887271881103516, 23.058002471923828, -40.707763671875, -71.24504852294922, -45.04243087768555, 69.8968276977539, -49.56706619262695]
out2 * 2: [-46.043601989746094, -97.77454376220703, 46.116004943847656, -81.41552734375, -142.49009704589844, -90.0848617553711, 139.7936553955078, -99.1341323852539]
Loss: 54.61557388305664
H:
[[ 2.01887462e+00  8.32475807e-01 -1.23712528e+02]
 [-3.28075605e-03  3.32192617e+00 -1.90890660e+02]
 [ 1.65635094e-04  6.60795435e-03  1.00000000e+00]]
H:
[[   2.01887462    0.83247581 -123.71252835]
 [  -0.00328076    3.32192617 -190.89066044]
 [   0.00016564    0.00660795    1.        ]]
H_inverse:
[[ 4.92813672e-01 -1.77409297e-01  2.71014474e+01]
 [-3.04693260e-03  2.19279186e-01  4.14814050e+01]
 [-6.14932472e-05 -1.41960165e-03  7.21403819e-01]]
H_inverse:
[[ 0.49281367 -0.1774093  27.10144744]
 [-0.00304693  0.21927919 41.48140498]
 [-0.00006149 -0.0014196   0.72140382]]
H_four_points:
[[-23 -49]
 [ 23 -41]
 [-71 -45]
 [ 70 -50]]