Model Output: [-22.026290893554688, -52.43661117553711, 19.687725067138672, -42.06116485595703, -73.96094512939453, -50.71248245239258, 78.40402221679688, -49.07356643676758]
Target: [-15.07437515258789, -24.043903350830078, 25.00574493408203, -61.26865005493164, -75.01724243164062, -61.26865005493164, 45.22309875488281, -24.043903350830078]
Out2: [-22.026290893554688, -52.43661117553711, 19.687725067138672, -42.06116485595703, -73.96094512939453, -50.71248245239258, 78.40402221679688, -49.07356643676758]
out2 * 2: [-44.052581787109375, -104.87322235107422, 39.375450134277344, -84.12232971191406, -147.92189025878906, -101.42496490478516, 156.80804443359375, -98.14713287353516]
Loss: 55.72250747680664
H:
[[ 2.34087451e+00  8.93073661e-01 -1.42915940e+02]
 [ 2.61624772e-02  3.71227116e+00 -2.20957826e+02]
 [ 5.52633471e-04  7.65300010e-03  1.00000000e+00]]
H:
[[   2.34087451    0.89307366 -142.91593981]
 [   0.02616248    3.71227116 -220.95782613]
 [   0.00055263    0.007653      1.        ]]
H_inverse:
[[ 4.22773184e-01 -1.55456058e-01  2.60717943e+01]
 [-1.16013401e-02  1.89339284e-01  4.01779802e+01]
 [-1.44853555e-04 -1.36310334e-03  6.78109767e-01]]
H_inverse:
[[ 0.42277318 -0.15545606 26.07179434]
 [-0.01160134  0.18933928 40.17798025]
 [-0.00014485 -0.0013631   0.67810977]]
H_four_points:
[[-22 -52]
 [ 20 -42]
 [-74 -51]
 [ 78 -49]]