Model Output: [-18.936559677124023, -50.22759246826172, 24.365388870239258, -45.04343032836914, -74.94188690185547, -45.688560485839844, 74.32720947265625, -53.3270378112793]
Target: [-16.839683532714844, -27.668729782104492, 26.545000076293945, -63.75429916381836, -79.63497924804688, -63.75429916381836, 50.519039154052734, -27.668729782104492]
Out2: [-18.936559677124023, -50.22759246826172, 24.365388870239258, -45.04343032836914, -74.94188690185547, -45.688560485839844, 74.32720947265625, -53.3270378112793]
out2 * 2: [-37.87311935424805, -100.45518493652344, 48.730777740478516, -90.08686065673828, -149.88377380371094, -91.37712097167969, 148.6544189453125, -106.6540756225586]
Loss: 52.16632080078125
H:
[[ 1.95298716e+00  8.44290704e-01 -1.14343884e+02]
 [-1.70273906e-02  3.34937594e+00 -1.93147050e+02]
 [-1.66496349e-05  6.85064240e-03  1.00000000e+00]]
H:
[[   1.95298716    0.8442907  -114.34388429]
 [  -0.01702739    3.34937594 -193.14704958]
 [  -0.00001665    0.00685064    1.        ]]
H_inverse:
[[ 5.10690066e-01 -1.77891718e-01  2.40350254e+01]
 [ 2.21249519e-03  2.13244875e-01  4.14406037e+01]
 [-6.65421019e-06 -1.46382622e-03  7.16505417e-01]]
H_inverse:
[[ 0.51069007 -0.17789172 24.03502537]
 [ 0.0022125   0.21324488 41.44060375]
 [-0.00000665 -0.00146383  0.71650542]]
H_four_points:
[[-19 -50]
 [ 24 -45]
 [-75 -46]
 [ 74 -53]]