Model Output: [-23.603618621826172, -51.34716796875, 20.084699630737305, -47.24195098876953, -73.97844696044922, -50.66565704345703, 71.42284393310547, -49.38997268676758]
Target: [-18.74078369140625, -31.699689865112305, 28.04030990600586, -65.97630310058594, -84.12094116210938, -65.97630310058594, 56.22235107421875, -31.699689865112305]
Out2: [-23.603618621826172, -51.34716796875, 20.084699630737305, -47.24195098876953, -73.97844696044922, -50.66565704345703, 71.42284393310547, -49.38997268676758]
out2 * 2: [-47.207237243652344, -102.6943359375, 40.16939926147461, -94.48390197753906, -147.95689392089844, -101.33131408691406, 142.84568786621094, -98.77994537353516]
Loss: 49.12403869628906
H:
[[ 2.08696426e+00  8.24231203e-01 -1.28189920e+02]
 [ 1.49796719e-02  3.34289311e+00 -1.96012716e+02]
 [ 2.41788158e-04  6.83891088e-03  1.00000000e+00]]
H:
[[   2.08696426    0.8242312  -128.18992012]
 [   0.01497967    3.34289311 -196.01271627]
 [   0.00024179    0.00683891    1.        ]]
H_inverse:
[[ 4.77257151e-01 -1.73329338e-01  2.72048017e+01]
 [-6.35607164e-03  2.15828177e-01  4.14902829e+01]
 [-7.19265199e-05 -1.43412069e-03  7.09673854e-01]]
H_inverse:
[[ 0.47725715 -0.17332934 27.20480169]
 [-0.00635607  0.21582818 41.49028291]
 [-0.00007193 -0.00143412  0.70967385]]
H_four_points:
[[-24 -51]
 [ 20 -47]
 [-74 -51]
 [ 71 -49]]