Model Output: [-26.054800033569336, -52.61457443237305, 16.7867431640625, -46.15579605102539, -75.218017578125, -50.61279296875, 73.10556030273438, -51.15358352661133]
Target: [-20.799137115478516, -36.196659088134766, 29.497024536132812, -67.950439453125, -88.49111938476562, -67.950439453125, 62.397369384765625, -36.196659088134766]
Out2: [-26.054800033569336, -52.61457443237305, 16.7867431640625, -46.15579605102539, -75.218017578125, -50.61279296875, 73.10556030273438, -51.15358352661133]
out2 * 2: [-52.10960006713867, -105.2291488647461, 33.573486328125, -92.31159210205078, -150.43603515625, -101.2255859375, 146.21112060546875, -102.30716705322266]
Loss: 46.74060821533203
H:
[[ 2.13995845e+00  8.04898133e-01 -1.32963184e+02]
 [ 1.51941888e-02  3.39343938e+00 -2.02084549e+02]
 [ 2.90942837e-04  6.90792095e-03  1.00000000e+00]]
H:
[[   2.13995845    0.80489813 -132.96318432]
 [   0.01519419    3.39343938 -202.08454857]
 [   0.00029094    0.00690792    1.        ]]
H_inverse:
[[ 4.64679850e-01 -1.67207599e-01  2.79952404e+01]
 [-7.17859038e-03  2.11376499e-01  4.17614360e+01]
 [-8.56061391e-05 -1.41152429e-03  7.03370286e-01]]
H_inverse:
[[ 0.46467985 -0.1672076  27.99524039]
 [-0.00717859  0.2113765  41.76143605]
 [-0.00008561 -0.00141152  0.70337029]]
H_four_points:
[[-26 -53]
 [ 17 -46]
 [-75 -51]
 [ 73 -51]]