Model Output: [-23.716712951660156, -54.03181076049805, 28.272720336914062, -49.323272705078125, -74.65646362304688, -52.51185989379883, 77.86959838867188, -56.15460968017578]
Target: [-23.040664672851562, -41.23231506347656, 30.920059204101562, -69.69049835205078, -92.7601318359375, -69.69049835205078, 69.12200164794922, -41.23231506347656]
Out2: [-23.716712951660156, -54.03181076049805, 28.272720336914062, -49.323272705078125, -74.65646362304688, -52.51185989379883, 77.86959838867188, -56.15460968017578]
out2 * 2: [-47.43342590332031, -108.0636215209961, 56.545440673828125, -98.64654541015625, -149.31292724609375, -105.02371978759766, 155.73919677734375, -112.30921936035156]
Loss: 49.42320251464844
H:
[[ 2.21841636e+00  1.06825983e+00 -1.48865787e+02]
 [-1.06218545e-02  3.79411528e+00 -2.26773207e+02]
 [ 1.73281101e-04  8.21792545e-03  1.00000000e+00]]
H:
[[   2.21841636    1.06825983 -148.86578748]
 [  -0.01062185    3.79411528 -226.77320674]
 [   0.00017328    0.00821793    1.        ]]
H_inverse:
[[ 4.47908692e-01 -1.81422886e-01  2.55364305e+01]
 [-2.27002726e-03  1.77669088e-01  3.99526595e+01]
 [-5.89591964e-05 -1.42863417e-03  6.67247042e-01]]
H_inverse:
[[ 0.44790869 -0.18142289 25.53643047]
 [-0.00227003  0.17766909 39.95265948]
 [-0.00005896 -0.00142863  0.66724704]]
H_four_points:
[[-24 -54]
 [ 28 -49]
 [-75 -53]
 [ 78 -56]]