Model Output: [-26.658784866333008, -54.69205093383789, 25.244199752807617, -52.57948303222656, -73.61390686035156, -53.37553787231445, 79.58113098144531, -53.956886291503906]
Target: [-25.497154235839844, -46.89596939086914, 32.31386184692383, -71.2081298828125, -96.94155883789062, -71.2081298828125, 76.49146270751953, -46.89596939086914]
Out2: [-26.658784866333008, -54.69205093383789, 25.244199752807617, -52.57948303222656, -73.61390686035156, -53.37553787231445, 79.58113098144531, -53.956886291503906]
out2 * 2: [-53.317569732666016, -109.38410186767578, 50.488399505615234, -105.15896606445312, -147.22781372070312, -106.7510757446289, 159.16226196289062, -107.91377258300781]
Loss: 46.49396514892578
H:
[[ 2.12529460e+00  9.85918529e-01 -1.43897682e+02]
 [ 6.05665068e-03  3.55239619e+00 -2.14309100e+02]
 [ 2.26840850e-05  7.67155526e-03  1.00000000e+00]]
H:
[[   2.1252946     0.98591853 -143.89768177]
 [   0.00605665    3.55239619 -214.30909999]
 [   0.00002268    0.00767156    1.        ]]
H_inverse:
[[ 4.70772570e-01 -1.89327802e-01  2.71684106e+01]
 [-9.89115946e-04  1.92835734e-01  4.11841211e+01]
 [-3.09098733e-06 -1.47505526e-03  6.83437449e-01]]
H_inverse:
[[ 0.47077257 -0.1893278  27.16841057]
 [-0.00098912  0.19283573 41.18412111]
 [-0.00000309 -0.00147506  0.68343745]]
H_four_points:
[[-27 -55]
 [ 25 -53]
 [-74 -53]
 [ 80 -54]]