Model Output: [-24.02073097229004, -51.30592727661133, 23.414453506469727, -51.03887176513672, -75.91017150878906, -48.350982666015625, 80.32852935791016, -49.849796295166016]
Target: [-28.207866668701172, -53.298465728759766, 33.682640075683594, -72.51334381103516, -101.04789733886719, -72.51334381103516, 84.62357330322266, -53.298465728759766]
Out2: [-24.02073097229004, -51.30592727661133, 23.414453506469727, -51.03887176513672, -75.91017150878906, -48.350982666015625, 80.32852935791016, -49.849796295166016]
out2 * 2: [-48.04146194458008, -102.61185455322266, 46.82890701293945, -102.07774353027344, -151.82034301757812, -96.70196533203125, 160.6570587158203, -99.69959259033203]
Loss: 38.65666961669922
H:
[[ 1.99286962e+00  8.94508212e-01 -1.26650869e+02]
 [ 3.88723095e-03  3.39419365e+00 -1.98581250e+02]
 [-1.27902259e-04  7.21435255e-03  1.00000000e+00]]
H:
[[   1.99286962    0.89450821 -126.65086868]
 [   0.00388723    3.39419365 -198.58124994]
 [  -0.0001279     0.00721435    1.        ]]
H_inverse:
[[ 5.03847033e-01 -1.88749675e-01  2.63305180e+01]
 [ 2.24549837e-03  2.06334159e-01  4.12584896e+01]
 [ 4.82433568e-05 -1.51270888e-03  7.05714443e-01]]
H_inverse:
[[ 0.50384703 -0.18874967 26.33051804]
 [ 0.0022455   0.20633416 41.25848958]
 [ 0.00004824 -0.00151271  0.70571444]]
H_four_points:
[[-24 -51]
 [ 23 -51]
 [-76 -48]
 [ 80 -50]]