Model Output: [-23.789592742919922, -51.339481353759766, 26.86128807067871, -51.61024475097656, -77.5707015991211, -58.864173889160156, 83.16727447509766, -54.33500289916992]
Target: [-31.222049713134766, -60.578983306884766, 35.03031921386719, -73.61453247070312, -105.09097290039062, -73.61453247070312, 93.66609954833984, -60.578983306884766]
Out2: [-23.789592742919922, -51.339481353759766, 26.86128807067871, -51.61024475097656, -77.5707015991211, -58.864173889160156, 83.16727447509766, -54.33500289916992]
out2 * 2: [-47.579185485839844, -102.67896270751953, 53.72257614135742, -103.22048950195312, -155.1414031982422, -117.72834777832031, 166.3345489501953, -108.67000579833984]
Loss: 40.20988082885742
H:
[[ 2.43247988e+00  1.16158484e+00 -1.65470379e+02]
 [-1.53318770e-02  4.08157151e+00 -2.39260664e+02]
 [ 3.57918641e-04  9.23183254e-03  1.00000000e+00]]
H:
[[   2.43247988    1.16158484 -165.47037915]
 [  -0.01533188    4.08157151 -239.26066351]
 [   0.00035792    0.00923183    1.        ]]
H_inverse:
[[ 4.06231688e-01 -1.73666611e-01  2.56677229e+01]
 [-4.54021467e-03  1.60913729e-01  3.77490546e+01]
 [-1.03483392e-04 -1.42337009e-03  6.42320092e-01]]
H_inverse:
[[ 0.40623169 -0.17366661 25.66772295]
 [-0.00454021  0.16091373 37.74905463]
 [-0.00010348 -0.00142337  0.64232009]]
H_four_points:
[[-24 -51]
 [ 27 -52]
 [-78 -59]
 [ 83 -54]]