Model Output: [-23.05567741394043, -50.08761215209961, 27.410295486450195, -53.37273406982422, -72.38240051269531, -53.95349884033203, 81.62385559082031, -55.31808853149414]
Target: [-31.222049713134766, -60.578983306884766, 35.03031921386719, -73.61453247070312, -105.09097290039062, -73.61453247070312, 93.66609954833984, -60.578983306884766]
Out2: [-23.05567741394043, -50.08761215209961, 27.410295486450195, -53.37273406982422, -72.38240051269531, -53.95349884033203, 81.62385559082031, -55.31808853149414]
out2 * 2: [-46.11135482788086, -100.17522430419922, 54.82059097290039, -106.74546813964844, -144.76480102539062, -107.90699768066406, 163.24771118164062, -110.63617706298828]
Loss: 37.62648010253906
H:
[[ 2.04824550e+00  9.60513852e-01 -1.32300433e+02]
 [-2.92513107e-02  3.42848697e+00 -1.96974441e+02]
 [-6.05620155e-05  7.40056403e-03  1.00000000e+00]]
H:
[[   2.0482455     0.96051385 -132.3004333 ]
 [  -0.02925131    3.42848697 -196.97444054]
 [  -0.00006056    0.00740056    1.        ]]
H_inverse:
[[ 4.86244159e-01 -1.93017708e-01  2.63107579e+01]
 [ 4.09801710e-03  2.03030908e-01  4.05340690e+01]
 [-8.79711637e-07 -1.51423278e-03  7.01618459e-01]]
H_inverse:
[[ 0.48624416 -0.19301771 26.31075785]
 [ 0.00409802  0.20303091 40.53406904]
 [-0.00000088 -0.00151423  0.70161846]]
H_four_points:
[[-23 -50]
 [ 27 -53]
 [-72 -54]
 [ 82 -55]]