Model Output: [-24.9675235748291, -52.34596633911133, 24.69099998474121, -51.46843719482422, -69.04139709472656, -52.907684326171875, 82.77676391601562, -58.54294204711914]
Target: [-34.602230072021484, -68.91463470458984, 36.36058044433594, -74.51854705810547, -109.08175659179688, -74.51854705810547, 103.80667114257812, -68.91463470458984]
Out2: [-24.9675235748291, -52.34596633911133, 24.69099998474121, -51.46843719482422, -69.04139709472656, -52.907684326171875, 82.77676391601562, -58.54294204711914]
out2 * 2: [-49.9350471496582, -104.69193267822266, 49.38199996948242, -102.93687438964844, -138.08279418945312, -105.81536865234375, 165.55352783203125, -117.08588409423828]
Loss: 32.84572982788086
H:
[[ 2.03005701e+00  9.02916367e-01 -1.31428383e+02]
 [-3.97320358e-02  3.32588697e+00 -1.92996404e+02]
 [-5.43119981e-05  6.97815534e-03  1.00000000e+00]]
H:
[[   2.03005701    0.90291637 -131.42838308]
 [  -0.03973204    3.32588697 -192.99640417]
 [  -0.00005431    0.00697816    1.        ]]
H_inverse:
[[ 4.89601413e-01 -1.90704830e-01  2.75421756e+01]
 [ 5.26144578e-03  2.11962123e-01  4.15994309e+01]
 [-1.01239550e-05 -1.48946218e-03  7.11208580e-01]]
H_inverse:
[[ 0.48960141 -0.19070483 27.54217562]
 [ 0.00526145  0.21196212 41.59943089]
 [-0.00001012 -0.00148946  0.71120858]]
H_four_points:
[[-25 -52]
 [ 25 -51]
 [-69 -53]
 [ 83 -59]]