Model Output: [-23.62738037109375, -54.415550231933594, 27.989105224609375, -52.7822265625, -76.39307403564453, -54.838558197021484, 81.87889099121094, -52.97770309448242]
Target: [-38.42913818359375, -78.53436279296875, 37.67692947387695, -75.23101806640625, -113.03085327148438, -75.23101806640625, 115.2873764038086, -78.53436279296875]
Out2: [-23.62738037109375, -54.415550231933594, 27.989105224609375, -52.7822265625, -76.39307403564453, -54.838558197021484, 81.87889099121094, -52.97770309448242]
out2 * 2: [-47.2547607421875, -108.83110046386719, 55.97821044921875, -105.564453125, -152.78614807128906, -109.67711639404297, 163.75778198242188, -105.95540618896484]
Loss: 29.731239318847656
H:
[[ 2.25523975e+00  1.10146302e+00 -1.52614878e+02]
 [ 7.60449034e-03  3.84117868e+00 -2.30768598e+02]
 [ 1.38990434e-04  8.53839182e-03  1.00000000e+00]]
H:
[[   2.25523975    1.10146302 -152.61487845]
 [   0.00760449    3.84117868 -230.76859806]
 [   0.00013899    0.00853839    1.        ]]
H_inverse:
[[ 4.42471132e-01 -1.83073267e-01  2.52801168e+01]
 [-3.02101843e-03  1.73320453e-01  3.95358656e+01]
 [-3.57046158e-05 -1.45443251e-03  6.58913594e-01]]
H_inverse:
[[ 0.44247113 -0.18307327 25.28011679]
 [-0.00302102  0.17332045 39.5358656 ]
 [-0.0000357  -0.00145443  0.65891359]]
H_four_points:
[[-24 -54]
 [ 28 -53]
 [-76 -55]
 [ 82 -53]]