Model Output: [-26.99892234802246, -50.1997184753418, 25.43455696105957, -50.767478942871094, -75.15703582763672, -53.825439453125, 83.0061264038086, -53.93977355957031]
Target: [-42.80880355834961, -89.73919677734375, 38.982791900634766, -75.75623321533203, -116.94840240478516, -75.75623321533203, 128.42636108398438, -89.73919677734375]
Out2: [-26.99892234802246, -50.1997184753418, 25.43455696105957, -50.767478942871094, -75.15703582763672, -53.825439453125, 83.0061264038086, -53.93977355957031]
out2 * 2: [-53.99784469604492, -100.3994369506836, 50.86911392211914, -101.53495788574219, -150.31407165527344, -107.65087890625, 166.0122528076172, -107.87954711914062]
Loss: 22.562610626220703
H:
[[ 2.20346559e+00  1.02728247e+00 -1.50487029e+02]
 [-2.30535453e-02  3.68622858e+00 -2.13147747e+02]
 [ 7.13704082e-05  8.07087895e-03  1.00000000e+00]]
H:
[[   2.20346559    1.02728247 -150.48702926]
 [  -0.02305355    3.68622858 -213.14774698]
 [   0.00007137    0.00807088    1.        ]]
H_inverse:
[[ 4.50966976e-01 -1.86996149e-01  2.80068727e+01]
 [ 6.54039920e-04  1.84690719e-01  3.94648352e+01]
 [-3.74643742e-05 -1.47727045e-03  6.79485230e-01]]
H_inverse:
[[ 0.45096698 -0.18699615 28.00687275]
 [ 0.00065404  0.18469072 39.46483523]
 [-0.00003746 -0.00147727  0.67948523]]
H_four_points:
[[-27 -50]
 [ 25 -51]
 [-75 -54]
 [ 83 -54]]