Model Output: [-27.663183212280273, -52.52235794067383, 26.159339904785156, -53.64176559448242, -74.07926940917969, -50.86378860473633, 75.11090087890625, -52.16935729980469]
Target: [-47.883399963378906, -102.93311309814453, 40.281368255615234, -76.09725952148438, -120.8441162109375, -76.09725952148438, 143.650146484375, -102.93311309814453]
Out2: [-27.663183212280273, -52.52235794067383, 26.159339904785156, -53.64176559448242, -74.07926940917969, -50.86378860473633, 75.11090087890625, -52.16935729980469]
out2 * 2: [-55.32636642456055, -105.04471588134766, 52.31867980957031, -107.28353118896484, -148.15853881835938, -101.72757720947266, 150.2218017578125, -104.33871459960938]
Loss: 14.212518692016602
H:
[[ 1.99376062e+00  9.63555155e-01 -1.36773551e+02]
 [ 4.14314571e-03  3.39124253e+00 -2.01264649e+02]
 [-1.29407440e-04  7.28854740e-03  1.00000000e+00]]
H:
[[   1.99376062    0.96355516 -136.77355131]
 [   0.00414315    3.39124253 -201.26464875]
 [  -0.00012941    0.00728855    1.        ]]
H_inverse:
[[ 5.03803895e-01 -2.03301909e-01  2.79895606e+01]
 [ 2.27128997e-03  2.04922305e-01  4.15542680e+01]
 [ 4.86415679e-05 -1.51989471e-03  7.00751805e-01]]
H_inverse:
[[ 0.50380389 -0.20330191 27.98956061]
 [ 0.00227129  0.2049223  41.55426804]
 [ 0.00004864 -0.00151989  0.70075181]]
H_four_points:
[[-28 -53]
 [ 26 -54]
 [-74 -51]
 [ 75 -52]]