Model Output: [-25.198532104492188, -51.087337493896484, 25.93628692626953, -54.76863098144531, -70.42037200927734, -53.96724319458008, 76.89614868164062, -55.5489387512207]
Target: [-53.847984313964844, -118.6708984375, 41.57592010498047, -76.2561264038086, -124.72776794433594, -76.2561264038086, 161.5439453125, -118.6708984375]
Out2: [-25.198532104492188, -51.087337493896484, 25.93628692626953, -54.76863098144531, -70.42037200927734, -53.96724319458008, 76.89614868164062, -55.5489387512207]
out2 * 2: [-50.397064208984375, -102.17467498779297, 51.87257385253906, -109.53726196289062, -140.8407440185547, -107.93448638916016, 153.79229736328125, -111.0978775024414]
Loss: 15.830117225646973
H:
[[ 1.92475024e+00  8.88094898e-01 -1.24627006e+02]
 [-2.89826714e-02  3.17995670e+00 -1.83197310e+02]
 [-1.55092831e-04  6.72363583e-03  1.00000000e+00]]
H:
[[   1.92475024    0.8880949  -124.62700576]
 [  -0.02898267    3.1799567  -183.19731022]
 [  -0.00015509    0.00672364    1.        ]]
H_inverse:
[[ 5.18705326e-01 -2.02938811e-01  2.74668473e+01]
 [ 6.74823055e-03  2.24029359e-01  4.18825878e+01]
 [ 3.50748325e-05 -1.53776618e-03  7.22656643e-01]]
H_inverse:
[[ 0.51870533 -0.20293881 27.46684732]
 [ 0.00674823  0.22402936 41.88258782]
 [ 0.00003507 -0.00153777  0.72265664]]
H_four_points:
[[-25 -51]
 [ 26 -55]
 [-70 -54]
 [ 77 -56]]