Model Output: [-24.066930770874023, -53.910282135009766, 23.991371154785156, -46.44627380371094, -75.41734313964844, -52.21232223510742, 77.38742065429688, -50.11294174194336]
Target: [-60.97798156738281, -137.7359161376953, 42.86957550048828, -76.23359680175781, -128.60877990722656, -76.23359680175781, 182.93389892578125, -137.7359161376953]
Out2: [-24.066930770874023, -53.910282135009766, 23.991371154785156, -46.44627380371094, -75.41734313964844, -52.21232223510742, 77.38742065429688, -50.11294174194336]
out2 * 2: [-48.13386154174805, -107.82056427001953, 47.98274230957031, -92.89254760742188, -150.83468627929688, -104.42464447021484, 154.77484130859375, -100.22588348388672]
Loss: 22.57720375061035
H:
[[ 2.32738479e+00  1.00387501e+00 -1.51333876e+02]
 [ 3.01795354e-02  3.81774813e+00 -2.30800683e+02]
 [ 4.29488261e-04  8.11221148e-03  1.00000000e+00]]
H:
[[   2.32738479    1.00387501 -151.3338758 ]
 [   0.03017954    3.81774813 -230.80068272]
 [   0.00042949    0.00811221    1.        ]]
H_inverse:
[[ 4.27045704e-01 -1.67478993e-01  2.59722155e+01]
 [-9.70456001e-03  1.79551255e-01  3.99719236e+01]
 [-1.04685673e-04 -1.38462749e-03  6.64584541e-01]]
H_inverse:
[[ 0.4270457  -0.16747899 25.97221549]
 [-0.00970456  0.17955126 39.97192356]
 [-0.00010469 -0.00138463  0.66458454]]
H_four_points:
[[-24 -54]
 [ 24 -46]
 [-75 -52]
 [ 77 -50]]