Model Output: [-30.816686630249023, -55.37055969238281, 22.339494705200195, -46.942012786865234, -72.04826354980469, -53.598297119140625, 74.24898529052734, -52.21297836303711]
Target: [-69.67487335205078, -161.2708740234375, 44.16550827026367, -76.02947998046875, -132.49658203125, -76.02947998046875, 209.0245361328125, -161.2708740234375]
Out2: [-30.816686630249023, -55.37055969238281, 22.339494705200195, -46.942012786865234, -72.04826354980469, -53.598297119140625, 74.24898529052734, -52.21297836303711]
out2 * 2: [-61.63337326049805, -110.74111938476562, 44.67898941040039, -93.88402557373047, -144.09652709960938, -107.19659423828125, 148.4979705810547, -104.42595672607422]
Loss: 29.634729385375977
H:
[[ 2.32151017e+00  9.77507762e-01 -1.60924966e+02]
 [ 2.31866498e-02  3.67216044e+00 -2.22807982e+02]
 [ 4.46301607e-04  7.70340570e-03  1.00000000e+00]]
H:
[[   2.32151017    0.97750776 -160.92496563]
 [   0.02318665    3.67216044 -222.80798218]
 [   0.0004463     0.00770341    1.        ]]
H_inverse:
[[ 4.26825969e-01 -1.75622534e-01  2.95568521e+01]
 [-9.71321436e-03  1.89575616e-01  4.06758618e+01]
 [-1.15668285e-04 -1.38199726e-03  6.73466064e-01]]
H_inverse:
[[ 0.42682597 -0.17562253 29.55685207]
 [-0.00971321  0.18957562 40.67586179]
 [-0.00011567 -0.001382    0.67346606]]
H_four_points:
[[-31 -55]
 [ 22 -47]
 [-72 -54]
 [ 74 -52]]