Model Output: [-26.086933135986328, -54.78815841674805, 21.626543045043945, -44.7712287902832, -70.17777252197266, -49.32817459106445, 75.07701110839844, -51.25690841674805]
Target: [-80.5480728149414, -191.01055908203125, 45.46689987182617, -75.6423568725586, -136.4007568359375, -75.6423568725586, 241.6441650390625, -191.01055908203125]
Out2: [-26.086933135986328, -54.78815841674805, 21.626543045043945, -44.7712287902832, -70.17777252197266, -49.32817459106445, 75.07701110839844, -51.25690841674805]
out2 * 2: [-52.173866271972656, -109.5763168334961, 43.25308609008789, -89.5424575805664, -140.3555450439453, -98.6563491821289, 150.15402221679688, -102.5138168334961]
Loss: 41.6097526550293
H:
[[ 2.15689262e+00  8.76007002e-01 -1.38409167e+02]
 [ 2.66183379e-02  3.44535599e+00 -2.09015102e+02]
 [ 2.85911845e-04  6.99057204e-03  1.00000000e+00]]
H:
[[   2.15689262    0.876007   -138.40916674]
 [   0.02661834    3.44535599 -209.01510229]
 [   0.00028591    0.00699057    1.        ]]
H_inverse:
[[ 4.62105147e-01 -1.73631508e-01  2.76679808e+01]
 [-8.13530979e-03  2.06868403e-01  4.21126190e+01]
 [-7.52508658e-05 -1.39648517e-03  6.97698100e-01]]
H_inverse:
[[ 0.46210515 -0.17363151 27.66798082]
 [-0.00813531  0.2068684  42.11261897]
 [-0.00007525 -0.00139649  0.6976981 ]]
H_four_points:
[[-26 -55]
 [ 22 -45]
 [-70 -49]
 [ 75 -51]]