Model Output: [-24.694984436035156, -54.85916519165039, 19.258045196533203, -52.3484001159668, -71.11133575439453, -49.206207275390625, 69.70059204101562, -44.98847198486328]
Target: [-94.56956481933594, -229.72239685058594, 46.7769889831543, -75.0697021484375, -140.3310089111328, -75.0697021484375, 283.7085876464844, -229.72239685058594]
Out2: [-24.694984436035156, -54.85916519165039, 19.258045196533203, -52.3484001159668, -71.11133575439453, -49.206207275390625, 69.70059204101562, -44.98847198486328]
out2 * 2: [-49.38996887207031, -109.71833038330078, 38.516090393066406, -104.6968002319336, -142.22267150878906, -98.41241455078125, 139.40118408203125, -89.97694396972656]
Loss: 64.04486083984375
H:
[[ 1.94891952e+00  7.51540823e-01 -1.18264457e+02]
 [ 5.61441226e-02  3.06570051e+00 -1.87206132e+02]
 [ 7.85091386e-05  6.15747045e-03  1.00000000e+00]]
H:
[[   1.94891952    0.75154082 -118.26445706]
 [   0.05614412    3.06570051 -187.20613215]
 [   0.00007851    0.00615747    1.        ]]
H_inverse:
[[ 5.17235761e-01 -1.81437738e-01  2.72043493e+01]
 [-8.68614153e-03  2.40102718e-01  4.39214394e+01]
 [ 1.28769257e-05 -1.46418087e-03  7.27419245e-01]]
H_inverse:
[[ 0.51723576 -0.18143774 27.20434927]
 [-0.00868614  0.24010272 43.92143936]
 [ 0.00001288 -0.00146418  0.72741925]]
H_four_points:
[[-25 -55]
 [ 19 -52]
 [-71 -49]
 [ 70 -45]]