Model Output: [-18.889259338378906, -50.746646881103516, 21.620956420898438, -41.20649719238281, -62.91027069091797, -44.607295989990234, 68.25393676757812, -46.54151916503906]
Target: [-113.39070129394531, -282.10858154296875, 48.099090576171875, -74.307861328125, -144.29730224609375, -74.307861328125, 340.1719970703125, -282.10858154296875]
Out2: [-18.889259338378906, -50.746646881103516, 21.620956420898438, -41.20649719238281, -62.91027069091797, -44.607295989990234, 68.25393676757812, -46.54151916503906]
out2 * 2: [-37.77851867675781, -101.49329376220703, 43.241912841796875, -82.41299438476562, -125.82054138183594, -89.21459197998047, 136.50787353515625, -93.08303833007812]
Loss: 86.90786743164062
H:
[[ 1.93939205e+00  7.01093070e-01 -1.07153638e+02]
 [ 2.57750441e-02  2.98833543e+00 -1.75038930e+02]
 [ 2.53160068e-04  5.59316291e-03  1.00000000e+00]]
H:
[[   1.93939205    0.70109307 -107.15363762]
 [   0.02577504    2.98833543 -175.03892952]
 [   0.00025316    0.00559316    1.        ]]
H_inverse:
[[ 5.14523547e-01 -1.68650613e-01  2.56126470e+01]
 [-9.08964929e-03  2.55036401e-01  4.36673097e+01]
 [-7.94169270e-05 -1.38376454e-03  7.49277524e-01]]
H_inverse:
[[ 0.51452355 -0.16865061 25.61264702]
 [-0.00908965  0.2550364  43.66730968]
 [-0.00007942 -0.00138376  0.74927752]]
H_four_points:
[[-19 -51]
 [ 22 -41]
 [-63 -45]
 [ 68 -47]]