Model Output: [-24.21898651123047, -50.97860336303711, 24.61290740966797, -46.96174621582031, -74.32020568847656, -50.45112609863281, 79.28350067138672, -50.23224639892578]
Target: [-34.602230072021484, -68.91463470458984, 36.36058044433594, -74.51854705810547, -109.08175659179688, -74.51854705810547, 103.80667114257812, -68.91463470458984]
Out2: [-24.21898651123047, -50.97860336303711, 24.61290740966797, -46.96174621582031, -74.32020568847656, -50.45112609863281, 79.28350067138672, -50.23224639892578]
out2 * 2: [-48.43797302246094, -101.95720672607422, 49.22581481933594, -93.92349243164062, -148.64041137695312, -100.90225219726562, 158.56700134277344, -100.46449279785156]
Loss: 28.92513084411621
H:
[[ 2.18811581e+00  9.79213474e-01 -1.42378443e+02]
 [ 8.45337204e-03  3.64995041e+00 -2.14530387e+02]
 [ 1.82979198e-04  7.75867387e-03  1.00000000e+00]]
H:
[[   2.18811581    0.97921347 -142.3784425 ]
 [   0.00845337    3.64995041 -214.530387  ]
 [   0.00018298    0.00775867    1.        ]]
H_inverse:
[[ 4.55485215e-01 -1.78604034e-01  2.65352830e+01]
 [-4.08892561e-03  1.89770569e-01  4.01293788e+01]
 [-5.16196791e-05 -1.43968713e-03  6.83793832e-01]]
H_inverse:
[[ 0.45548522 -0.17860403 26.53528304]
 [-0.00408893  0.18977057 40.12937882]
 [-0.00005162 -0.00143969  0.68379383]]
H_four_points:
[[-24 -51]
 [ 25 -47]
 [-74 -50]
 [ 79 -50]]