Model Output: [-15.180373191833496, -41.782737731933594, 14.157166481018066, -36.27947235107422, -48.4868049621582, -34.1517448425293, 38.315895080566406, -28.229705810546875]
Target: [0.0, 0.0, 0.0, 0.0, 0.0, 0.0, 0.0, 0.0]
Out2: [-15.180373191833496, -41.782737731933594, 14.157166481018066, -36.27947235107422, -48.4868049621582, -34.1517448425293, 38.315895080566406, -28.229705810546875]
out2 * 2: [-30.360746383666992, -83.56547546386719, 28.314332962036133, -72.55894470214844, -96.9736099243164, -68.3034896850586, 76.63179016113281, -56.45941162109375]
Loss: 64.1459732055664
H:
[[ 1.51546722e+00  3.58405683e-01 -6.13330057e+01]
 [ 7.26446182e-02  2.03557949e+00 -1.08618446e+02]
 [ 2.01349135e-04  2.85823639e-03  1.00000000e+00]]
H:
[[   1.51546722    0.35840568  -61.33300575]
 [   0.07264462    2.03557949 -108.61844627]
 [   0.00020135    0.00285824    1.        ]]
H_inverse:
[[ 6.63871774e-01 -1.51027027e-01  2.43129303e+01]
 [-2.67454216e-02  4.32335225e-01  4.53192033e+01]
 [-5.72252704e-05 -1.20530711e-03  8.65571617e-01]]
H_inverse:
[[ 0.66387177 -0.15102703 24.31293027]
 [-0.02674542  0.43233522 45.31920331]
 [-0.00005723 -0.00120531  0.86557162]]
H_four_points:
[[-15 -42]
 [ 14 -36]
 [-48 -34]
 [ 38 -28]]