Model Output: [-18.143230438232422, -42.15876388549805, 18.213003158569336, -24.9393367767334, -56.43109130859375, -28.32846450805664, 57.383888244628906, -41.82295608520508]
Target: [-0.9954100251197815, -1.076645016670227, 2.8348500728607178, -8.407469749450684, -8.504520416259766, -8.407469749450684, 2.9862399101257324, -1.076645016670227]
Out2: [-18.143230438232422, -42.15876388549805, 18.213003158569336, -24.9393367767334, -56.43109130859375, -28.32846450805664, 57.383888244628906, -41.82295608520508]
out2 * 2: [-36.286460876464844, -84.3175277709961, 36.42600631713867, -49.8786735534668, -112.8621826171875, -56.65692901611328, 114.76777648925781, -83.64591217041016]
Loss: 67.56903076171875
H:
[[ 1.68080383e+00  5.16978390e-01 -8.22145117e+01]
 [ 2.22168255e-03  2.57198227e+00 -1.36797790e+02]
 [ 1.00985570e-04  4.12576395e-03  1.00000000e+00]]
H:
[[   1.68080383    0.51697839  -82.21451166]
 [   0.00222168    2.57198227 -136.79778967]
 [   0.00010099    0.00412576    1.        ]]
H_inverse:
[[ 5.93567384e-01 -1.62033479e-01  2.66340309e+01]
 [-3.03490746e-03  3.19667631e-01  4.34803119e+01]
 [-4.74204290e-05 -1.30251014e-03  8.17920844e-01]]
H_inverse:
[[ 0.59356738 -0.16203348 26.63403086]
 [-0.00303491  0.31966763 43.48031186]
 [-0.00004742 -0.00130251  0.81792084]]
H_four_points:
[[-18 -42]
 [ 18 -25]
 [-56 -28]
 [ 57 -42]]