Model Output: [-18.867477416992188, -41.74872970581055, 20.04974937438965, -24.19373321533203, -66.4057388305664, -33.90251541137695, 62.19858932495117, -45.02473831176758]
Target: [-2.02059006690979, -2.278594970703125, 5.468929767608643, -15.967379570007324, -16.40679931640625, -15.967379570007324, 6.061769962310791, -2.278594970703125]
Out2: [-18.867477416992188, -41.74872970581055, 20.04974937438965, -24.19373321533203, -66.4057388305664, -33.90251541137695, 62.19858932495117, -45.02473831176758]
out2 * 2: [-37.734954833984375, -83.4974594116211, 40.0994987487793, -48.38746643066406, -132.8114776611328, -67.8050308227539, 124.39717864990234, -90.04947662353516]
Loss: 69.79156494140625
H:
[[ 1.94650333e+00  6.75893624e-01 -1.05849721e+02]
 [-9.51320309e-03  3.11654680e+00 -1.68547016e+02]
 [ 3.48862173e-04  5.54825032e-03  1.00000000e+00]]
H:
[[   1.94650333    0.67589362 -105.84972091]
 [  -0.0095132     3.1165468  -168.54701589]
 [   0.00034886    0.00554825    1.        ]]
H_inverse:
[[ 5.08113430e-01 -1.58411973e-01  2.70837995e+01]
 [-6.18091050e-03  2.48737713e-01  4.12697517e+01]
 [-1.42968316e-04 -1.32479515e-03  7.61576574e-01]]
H_inverse:
[[ 0.50811343 -0.15841197 27.08379946]
 [-0.00618091  0.24873771 41.26975168]
 [-0.00014297 -0.0013248   0.76157657]]
H_four_points:
[[-19 -42]
 [ 20 -24]
 [-66 -34]
 [ 62 -45]]