Model Output: [-21.21585464477539, -44.22182846069336, 20.554977416992188, -26.87087059020996, -64.46916961669922, -31.559484481811523, 65.82144165039062, -46.618282318115234]
Target: [-3.0794999599456787, -3.61468505859375, 7.9286041259765625, -22.78260040283203, -23.78580093383789, -22.78260040283203, 9.238499641418457, -3.61468505859375]
Out2: [-21.21585464477539, -44.22182846069336, 20.554977416992188, -26.87087059020996, -64.46916961669922, -31.559484481811523, 65.82144165039062, -46.618282318115234]
out2 * 2: [-42.43170928955078, -88.44365692138672, 41.109954833984375, -53.74174118041992, -128.93833923339844, -63.11896896362305, 131.64288330078125, -93.23656463623047]
Loss: 68.22960662841797
H:
[[ 1.87188927e+00  6.84806547e-01 -1.05280830e+02]
 [-1.35309553e-02  3.04021491e+00 -1.66569307e+02]
 [ 1.39440567e-04  5.43748608e-03  1.00000000e+00]]
H:
[[   1.87188927    0.68480655 -105.28083005]
 [  -0.01353096    3.04021491 -166.5693073 ]
 [   0.00013944    0.00543749    1.        ]]
H_inverse:
[[ 5.30931978e-01 -1.69167748e-01  2.77188048e+01]
 [-1.30455443e-03  2.53841138e-01  4.21447980e+01]
 [-6.69399597e-05 -1.35666881e-03  7.66973122e-01]]
H_inverse:
[[ 0.53093198 -0.16916775 27.71880482]
 [-0.00130455  0.25384114 42.14479801]
 [-0.00006694 -0.00135667  0.76697312]]
H_four_points:
[[-21 -44]
 [ 21 -27]
 [-64 -32]
 [ 66 -47]]