Model Output: [-18.108861923217773, -48.6313591003418, 20.990005493164062, -29.686288833618164, -65.5041732788086, -33.40116500854492, 64.26073455810547, -47.76482391357422]
Target: [-4.176519870758057, -5.095180034637451, 10.236029624938965, -28.939239501953125, -30.7081298828125, -28.939239501953125, 12.529500007629395, -5.095180034637451]
Out2: [-18.108861923217773, -48.6313591003418, 20.990005493164062, -29.686288833618164, -65.5041732788086, -33.40116500854492, 64.26073455810547, -47.76482391357422]
out2 * 2: [-36.21772384643555, -97.2627182006836, 41.980010986328125, -59.37257766723633, -131.0083465576172, -66.80233001708984, 128.52146911621094, -95.52964782714844]
Loss: 66.3719711303711
H:
[[ 1.84080309e+00  6.64921133e-01 -9.80759837e+01]
 [ 7.49448779e-03  3.01936694e+00 -1.73407056e+02]
 [ 1.37805292e-04  5.39560719e-03  1.00000000e+00]]
H:
[[   1.84080309    0.66492113  -98.07598372]
 [   0.00749449    3.01936694 -173.40705563]
 [   0.00013781    0.00539561    1.        ]]
H_inverse:
[[ 5.42052166e-01 -1.63657215e-01  2.47829836e+01]
 [-4.30227304e-03  2.54143238e-01  4.36482810e+01]
 [-5.14842815e-05 -1.34870425e-03  7.61075795e-01]]
H_inverse:
[[ 0.54205217 -0.16365722 24.78298363]
 [-0.00430227  0.25414324 43.64828103]
 [-0.00005148 -0.0013487   0.76107579]]
H_four_points:
[[-18 -49]
 [ 21 -30]
 [-66 -33]
 [ 64 -48]]