Model Output: [-21.102184295654297, -46.897029876708984, 23.453636169433594, -29.689050674438477, -67.3030776977539, -35.60029983520508, 61.3448371887207, -47.67581558227539]
Target: [-5.316530227661133, -6.731864929199219, 12.410039901733398, -34.50986099243164, -37.230159759521484, -34.50986099243164, 15.949520111083984, -6.731864929199219]
Out2: [-21.102184295654297, -46.897029876708984, 23.453636169433594, -29.689050674438477, -67.3030776977539, -35.60029983520508, 61.3448371887207, -47.67581558227539]
out2 * 2: [-42.204368591308594, -93.79405975341797, 46.90727233886719, -59.37810134887695, -134.6061553955078, -71.20059967041016, 122.6896743774414, -95.35163116455078]
Loss: 64.09276580810547
H:
[[ 1.91619525e+00  7.41113144e-01 -1.10519742e+02]
 [-1.72332557e-03  3.15377983e+00 -1.78189386e+02]
 [ 2.30387149e-04  5.78269270e-03  1.00000000e+00]]
H:
[[   1.91619525    0.74111314 -110.51974153]
 [  -0.00172333    3.15377983 -178.18938566]
 [   0.00023039    0.00578269    1.        ]]
H_inverse:
[[ 5.18488177e-01 -1.71030557e-01  2.68273495e+01]
 [-4.87351534e-03  2.40602235e-01  4.23341448e+01]
 [-9.12709714e-05 -1.35192555e-03  7.49013973e-01]]
H_inverse:
[[ 0.51848818 -0.17103056 26.82734946]
 [-0.00487352  0.24060223 42.33414476]
 [-0.00009127 -0.00135193  0.74901397]]
H_four_points:
[[-21 -47]
 [ 23 -30]
 [-67 -36]
 [ 61 -48]]