Model Output: [-23.9381160736084, -52.300132751464844, 23.07977294921875, -31.088573455810547, -64.88739013671875, -39.50445556640625, 68.39398193359375, -51.701351165771484]
Target: [-6.505040168762207, -8.538475036621094, 14.466705322265625, -39.555660247802734, -43.400150299072266, -39.555660247802734, 19.515100479125977, -8.538475036621094]
Out2: [-23.9381160736084, -52.300132751464844, 23.07977294921875, -31.088573455810547, -64.88739013671875, -39.50445556640625, 68.39398193359375, -51.701351165771484]
out2 * 2: [-47.8762321472168, -104.60026550292969, 46.1595458984375, -62.177146911621094, -129.7747802734375, -79.0089111328125, 136.7879638671875, -103.40270233154297]
Loss: 66.21403503417969
H:
[[ 2.09629427e+00  8.09757901e-01 -1.28855376e+02]
 [ 4.78454281e-03  3.36427450e+00 -1.98480190e+02]
 [ 3.98711901e-04  6.29346112e-03  1.00000000e+00]]
H:
[[   2.09629427    0.8097579  -128.85537604]
 [   0.00478454    3.3642745  -198.48018967]
 [   0.00039871    0.00629346    1.        ]]
H_inverse:
[[ 4.72101467e-01 -1.65850896e-01  2.79146948e+01]
 [-8.58785077e-03  2.19776728e-01  4.25147360e+01]
 [-1.34185168e-04 -1.31702957e-03  7.21305241e-01]]
H_inverse:
[[ 0.47210147 -0.1658509  27.91469476]
 [-0.00858785  0.21977673 42.51473597]
 [-0.00013419 -0.00131703  0.72130524]]
H_four_points:
[[-24 -52]
 [ 23 -31]
 [-65 -40]
 [ 68 -52]]