Model Output: [-20.68746566772461, -52.35024642944336, 26.478137969970703, -32.68107986450195, -67.36204528808594, -35.84993362426758, 70.71339416503906, -50.46602249145508]
Target: [-7.748276233673096, -10.530830383300781, 16.419889450073242, -44.12894058227539, -49.25967025756836, -44.12894058227539, 23.244840621948242, -10.530830383300781]
Out2: [-20.68746566772461, -52.35024642944336, 26.478137969970703, -32.68107986450195, -67.36204528808594, -35.84993362426758, 70.71339416503906, -50.46602249145508]
out2 * 2: [-41.37493133544922, -104.70049285888672, 52.956275939941406, -65.3621597290039, -134.72409057617188, -71.69986724853516, 141.42678833007812, -100.93204498291016]
Loss: 63.39805221557617
H:
[[ 2.00551664e+00  8.43547751e-01 -1.21064752e+02]
 [ 1.35818270e-02  3.38646536e+00 -2.00502917e+02]
 [ 1.74924821e-04  6.46583425e-03  1.00000000e+00]]
H:
[[   2.00551664    0.84354775 -121.06475232]
 [   0.01358183    3.38646536 -200.50291729]
 [   0.00017492    0.00646583    1.        ]]
H_inverse:
[[ 4.97562833e-01 -1.72800040e-01  2.55904089e+01]
 [-5.16963525e-03  2.15338998e-01  4.25502366e+01]
 [-5.36100847e-05 -1.36211925e-03  7.20400825e-01]]
H_inverse:
[[ 0.49756283 -0.17280004 25.59040895]
 [-0.00516964  0.215339   42.55023662]
 [-0.00005361 -0.00136212  0.72040083]]
H_four_points:
[[-21 -52]
 [ 26 -33]
 [-67 -36]
 [ 71 -50]]