Model Output: [-17.076749801635742, -49.779964447021484, 20.62022590637207, -33.75459289550781, -65.06517791748047, -37.94549560546875, 69.35061645507812, -51.14152145385742]
Target: [-9.053330421447754, -12.727370262145996, 18.28158950805664, -48.274349212646484, -54.84479904174805, -48.274349212646484, 27.159969329833984, -12.727370262145996]
Out2: [-17.076749801635742, -49.779964447021484, 20.62022590637207, -33.75459289550781, -65.06517791748047, -37.94549560546875, 69.35061645507812, -51.14152145385742]
out2 * 2: [-34.153499603271484, -99.55992889404297, 41.24045181274414, -67.50918579101562, -130.13035583496094, -75.8909912109375, 138.70123291015625, -102.28304290771484]
Loss: 57.26569366455078
H:
[[ 1.87187401e+00  6.68263244e-01 -9.86413158e+01]
 [-3.48220197e-03  3.01434874e+00 -1.73653234e+02]
 [ 1.40839904e-04  5.48664302e-03  1.00000000e+00]]
H:
[[   1.87187401    0.66826324  -98.6413158 ]
 [  -0.0034822     3.01434874 -173.65323382]
 [   0.00014084    0.00548664    1.        ]]
H_inverse:
[[ 5.32092669e-01 -1.62221296e-01  2.43160684e+01]
 [-2.81329849e-03  2.52929604e-01  4.36445362e+01]
 [-5.95043161e-05 -1.36488721e-03  7.57113337e-01]]
H_inverse:
[[ 0.53209267 -0.1622213  24.31606835]
 [-0.0028133   0.2529296  43.64453623]
 [-0.0000595  -0.00136489  0.75711334]]
H_four_points:
[[-17 -50]
 [ 21 -34]
 [-65 -38]
 [ 69 -51]]