Model Output: [-21.18247413635254, -51.48298263549805, 23.22513198852539, -33.436187744140625, -69.03864288330078, -40.00431823730469, 74.7051773071289, -45.45490646362305]
Target: [-10.428299903869629, -15.149539947509766, 20.06232452392578, -52.03023910522461, -60.186981201171875, -52.03023910522461, 31.284879684448242, -15.149539947509766]
Out2: [-21.18247413635254, -51.48298263549805, 23.22513198852539, -33.436187744140625, -69.03864288330078, -40.00431823730469, 74.7051773071289, -45.45490646362305]
out2 * 2: [-42.36494827270508, -102.9659652709961, 46.45026397705078, -66.87237548828125, -138.07728576660156, -80.00863647460938, 149.4103546142578, -90.9098129272461]
Loss: 57.592201232910156
H:
[[ 2.22666251e+00  8.68659460e-01 -1.34366857e+02]
 [ 4.38136104e-02  3.61159250e+00 -2.14677648e+02]
 [ 4.77632186e-04  7.05643374e-03  1.00000000e+00]]
H:
[[   2.22666251    0.86865946 -134.36685698]
 [   0.04381361    3.6115925  -214.67764814]
 [   0.00047763    0.00705643    1.        ]]
H_inverse:
[[ 4.46633161e-01 -1.58286445e-01  2.60321323e+01]
 [-1.27505391e-02  1.99585501e-01  4.11332961e+01]
 [-1.23353038e-04 -1.33275916e-03  6.97311837e-01]]
H_inverse:
[[ 0.44663316 -0.15828644 26.03213229]
 [-0.01275054  0.1995855  41.13329608]
 [-0.00012335 -0.00133276  0.69731184]]
H_four_points:
[[-21 -51]
 [ 23 -33]
 [-69 -40]
 [ 75 -45]]