Model Output: [-31.2502384185791, -55.30396270751953, 23.621368408203125, -53.128761291503906, -75.74314880371094, -57.98442077636719, 80.6843032836914, -54.25035095214844]
Target: [-38.42913818359375, -78.53436279296875, 37.67692947387695, -75.23101806640625, -113.03085327148438, -75.23101806640625, 115.2873764038086, -78.53436279296875]
Out2: [-31.2502384185791, -55.30396270751953, 23.621368408203125, -53.128761291503906, -75.74314880371094, -57.98442077636719, 80.6843032836914, -54.25035095214844]
out2 * 2: [-62.5004768371582, -110.60792541503906, 47.24273681640625, -106.25752258300781, -151.48629760742188, -115.96884155273438, 161.3686065673828, -108.50070190429688]
Loss: 31.497257232666016
H:
[[ 2.39433263e+00  1.10349672e+00 -1.71832719e+02]
 [ 9.34932759e-03  3.90931726e+00 -2.36605109e+02]
 [ 3.19066765e-04  8.69057302e-03  1.00000000e+00]]
H:
[[   2.39433263    1.10349672 -171.8327195 ]
 [   0.00934933    3.90931726 -236.60510916]
 [   0.00031907    0.00869057    1.        ]]
H_inverse:
[[ 4.14554733e-01 -1.80456861e-01  2.85370519e+01]
 [-5.89580329e-03  1.70195563e-01  3.92560477e+01]
 [-8.10327285e-05 -1.42151918e-03  6.49737226e-01]]
H_inverse:
[[ 0.41455473 -0.18045686 28.53705185]
 [-0.0058958   0.17019556 39.25604774]
 [-0.00008103 -0.00142152  0.64973723]]
H_four_points:
[[-31 -55]
 [ 24 -53]
 [-76 -58]
 [ 81 -54]]