Model Output: [-20.343814849853516, -53.08182907104492, 17.9400634765625, -41.275787353515625, -69.24851989746094, -44.320762634277344, 73.21798706054688, -51.552249908447266]
Target: [-11.882572174072266, -17.822486877441406, 21.771299362182617, -55.42959976196289, -65.31390380859375, -55.42959976196289, 35.647701263427734, -17.822486877441406]
Out2: [-20.343814849853516, -53.08182907104492, 17.9400634765625, -41.275787353515625, -69.24851989746094, -44.320762634277344, 73.21798706054688, -51.552249908447266]
out2 * 2: [-40.68762969970703, -106.16365814208984, 35.880126953125, -82.55157470703125, -138.49703979492188, -88.64152526855469, 146.43597412109375, -103.10449981689453]
Loss: 57.60529327392578
H:
[[ 1.94922635e+00  6.89261883e-01 -1.07842659e+02]
 [ 7.20616330e-03  3.09659216e+00 -1.83387946e+02]
 [ 1.49071052e-04  5.89517167e-03  1.00000000e+00]]
H:
[[   1.94922635    0.68926188 -107.84265943]
 [   0.00720616    3.09659216 -183.38794564]
 [   0.00014907    0.00589517    1.        ]]
H_inverse:
[[ 5.11679999e-01 -1.62286259e-01  2.54195883e+01]
 [-4.23091442e-03  2.40708304e-01  4.36867283e+01]
 [-5.13347088e-05 -1.39482459e-03  7.38669913e-01]]
H_inverse:
[[ 0.51168    -0.16228626 25.41958826]
 [-0.00423091  0.2407083  43.68672825]
 [-0.00005133 -0.00139482  0.73866991]]
H_four_points:
[[-20 -53]
 [ 18 -41]
 [-69 -44]
 [ 73 -52]]