Model Output: [-24.99169921875, -49.66118240356445, 25.157928466796875, -39.85109329223633, -73.79236602783203, -43.78937911987305, 76.05208587646484, -49.780372619628906]
Target: [-13.427013397216797, -20.775650024414062, 23.416690826416016, -58.500850677490234, -70.25006103515625, -58.500850677490234, 40.28104019165039, -20.775650024414062]
Out2: [-24.99169921875, -49.66118240356445, 25.157928466796875, -39.85109329223633, -73.79236602783203, -43.78937911987305, 76.05208587646484, -49.780372619628906]
out2 * 2: [-49.9833984375, -99.3223648071289, 50.31585693359375, -79.70218658447266, -147.58473205566406, -87.5787582397461, 152.1041717529297, -99.56074523925781]
Loss: 57.528053283691406
H:
[[ 2.18126294e+00  9.78296064e-01 -1.43503937e+02]
 [ 2.90020240e-03  3.71694245e+00 -2.16995321e+02]
 [ 2.07157314e-04  7.68861180e-03  1.00000000e+00]]
H:
[[   2.18126294    0.97829606 -143.50393657]
 [   0.0029002     3.71694245 -216.99532068]
 [   0.00020716    0.00768861    1.        ]]
H_inverse:
[[ 4.56101586e-01 -1.76301053e-01  2.71958694e+01]
 [-4.05277313e-03  1.87256016e-01  4.00520904e+01]
 [-6.33245802e-05 -1.40321677e-03  6.86421201e-01]]
H_inverse:
[[ 0.45610159 -0.17630105 27.19586943]
 [-0.00405277  0.18725602 40.05209044]
 [-0.00006332 -0.00140322  0.6864212 ]]
H_four_points:
[[-25 -50]
 [ 25 -40]
 [-74 -44]
 [ 76 -50]]