Model Output: [-24.625986099243164, -50.427310943603516, 21.08891487121582, -40.66199493408203, -69.58413696289062, -43.70735168457031, 77.75515747070312, -47.54922103881836]
Target: [-15.07437515258789, -24.043903350830078, 25.00574493408203, -61.26865005493164, -75.01724243164062, -61.26865005493164, 45.22309875488281, -24.043903350830078]
Out2: [-24.625986099243164, -50.427310943603516, 21.08891487121582, -40.66199493408203, -69.58413696289062, -43.70735168457031, 77.75515747070312, -47.54922103881836]
out2 * 2: [-49.25197219848633, -100.85462188720703, 42.17782974243164, -81.32398986816406, -139.16827392578125, -87.41470336914062, 155.51031494140625, -95.09844207763672]
Loss: 52.4818229675293
H:
[[ 2.10600242e+00  8.40081949e-01 -1.32055836e+02]
 [ 1.43171524e-02  3.40257075e+00 -1.98401085e+02]
 [ 1.87520791e-04  6.82111876e-03  1.00000000e+00]]
H:
[[   2.10600242    0.84008195 -132.05583562]
 [   0.01431715    3.40257075 -198.40108498]
 [   0.00018752    0.00682112    1.        ]]
H_inverse:
[[ 4.73505775e-01 -1.73322572e-01  2.81418145e+01]
 [-5.12958214e-03  2.12143308e-01  4.14120711e+01]
 [-5.38026886e-05 -1.41455311e-03  7.12246169e-01]]
H_inverse:
[[ 0.47350578 -0.17332257 28.14181452]
 [-0.00512958  0.21214331 41.41207114]
 [-0.0000538  -0.00141455  0.71224617]]
H_four_points:
[[-25 -50]
 [ 21 -41]
 [-70 -44]
 [ 78 -48]]