Model Output: [-23.663854598999023, -52.16167068481445, 21.942636489868164, -43.48206329345703, -74.49393463134766, -48.202823638916016, 80.29337310791016, -49.396549224853516]
Target: [-16.839683532714844, -27.668729782104492, 26.545000076293945, -63.75429916381836, -79.63497924804688, -63.75429916381836, 50.519039154052734, -27.668729782104492]
Out2: [-23.663854598999023, -52.16167068481445, 21.942636489868164, -43.48206329345703, -74.49393463134766, -48.202823638916016, 80.29337310791016, -49.396549224853516]
out2 * 2: [-47.32770919799805, -104.3233413696289, 43.88527297973633, -86.96412658691406, -148.9878692626953, -96.40564727783203, 160.5867462158203, -98.79309844970703]
Loss: 53.86113357543945
H:
[[ 2.26522002e+00  9.36498127e-01 -1.44283412e+02]
 [ 2.27798555e-02  3.70813701e+00 -2.20590714e+02]
 [ 3.34544737e-04  7.72270115e-03  1.00000000e+00]]
H:
[[   2.26522002    0.93649813 -144.28341222]
 [   0.02277986    3.70813701 -220.59071445]
 [   0.00033454    0.0077227     1.        ]]
H_inverse:
[[ 4.39195299e-01 -1.66432626e-01  2.66551045e+01]
 [-7.83789893e-03  1.87755215e-01  4.02861783e+01]
 [-8.64007249e-05 -1.39429826e-03  6.79964560e-01]]
H_inverse:
[[ 0.4391953  -0.16643263 26.65510446]
 [-0.0078379   0.18775522 40.28617828]
 [-0.0000864  -0.0013943   0.67996456]]
H_four_points:
[[-24 -52]
 [ 22 -43]
 [-74 -48]
 [ 80 -49]]