Model Output: [-21.854103088378906, -49.374046325683594, 25.183698654174805, -46.63650894165039, -75.22132873535156, -49.04500961303711, 70.69903564453125, -54.86613082885742]
Target: [-18.74078369140625, -31.699689865112305, 28.04030990600586, -65.97630310058594, -84.12094116210938, -65.97630310058594, 56.22235107421875, -31.699689865112305]
Out2: [-21.854103088378906, -49.374046325683594, 25.183698654174805, -46.63650894165039, -75.22132873535156, -49.04500961303711, 70.69903564453125, -54.86613082885742]
out2 * 2: [-43.70820617675781, -98.74809265136719, 50.36739730834961, -93.27301788330078, -150.44265747070312, -98.09001922607422, 141.3980712890625, -109.73226165771484]
Loss: 50.41041564941406
H:
[[ 1.95275886e+00  8.82134347e-01 -1.20874609e+02]
 [-3.40911362e-02  3.34700641e+00 -1.90398522e+02]
 [-3.30332398e-05  6.93725794e-03  1.00000000e+00]]
H:
[[   1.95275886    0.88213435 -120.87460915]
 [  -0.03409114    3.34700641 -190.39852189]
 [  -0.00003303    0.00693726    1.        ]]
H_inverse:
[[ 5.09255420e-01 -1.87722802e-01  2.58139059e+01]
 [ 4.40546448e-03  2.12607437e-01  4.10126505e+01]
 [-1.37394871e-05 -1.48111372e-03  7.16337382e-01]]
H_inverse:
[[ 0.50925542 -0.1877228  25.8139059 ]
 [ 0.00440546  0.21260744 41.01265047]
 [-0.00001374 -0.00148111  0.71633738]]
H_four_points:
[[-22 -49]
 [ 25 -47]
 [-75 -49]
 [ 71 -55]]