Model Output: [-24.940866470336914, -54.87081527709961, 23.586851119995117, -44.13999557495117, -75.83837127685547, -50.59760284423828, 74.9210205078125, -57.41416549682617]
Target: [-20.799137115478516, -36.196659088134766, 29.497024536132812, -67.950439453125, -88.49111938476562, -67.950439453125, 62.397369384765625, -36.196659088134766]
Out2: [-24.940866470336914, -54.87081527709961, 23.586851119995117, -44.13999557495117, -75.83837127685547, -50.59760284423828, 74.9210205078125, -57.41416549682617]
out2 * 2: [-49.88173294067383, -109.74163055419922, 47.173702239990234, -88.27999114990234, -151.67674255371094, -101.19520568847656, 149.842041015625, -114.82833099365234]
Loss: 50.39256286621094
H:
[[ 2.26053043e+00  9.96598358e-01 -1.48690642e+02]
 [-9.67795285e-03  3.80403311e+00 -2.29046668e+02]
 [ 3.27760404e-04  7.99179096e-03  1.00000000e+00]]
H:
[[   2.26053043    0.99659836 -148.69064229]
 [  -0.00967795    3.80403311 -229.04666827]
 [   0.00032776    0.00799179    1.        ]]
H_inverse:
[[ 4.37846144e-01 -1.69783806e-01  2.62152092e+01]
 [-5.08165514e-03  1.79447728e-01  4.03463096e+01]
 [-1.02897104e-04 -1.37846032e-03  6.68968420e-01]]
H_inverse:
[[ 0.43784614 -0.16978381 26.21520923]
 [-0.00508166  0.17944773 40.34630959]
 [-0.0001029  -0.00137846  0.66896842]]
H_four_points:
[[-25 -55]
 [ 24 -44]
 [-76 -51]
 [ 75 -57]]