Model Output: [-24.417158126831055, -54.63624954223633, 27.258024215698242, -47.09272003173828, -72.26631164550781, -56.434452056884766, 74.15922546386719, -53.610198974609375]
Target: [-23.040664672851562, -41.23231506347656, 30.920059204101562, -69.69049835205078, -92.7601318359375, -69.69049835205078, 69.12200164794922, -41.23231506347656]
Out2: [-24.417158126831055, -54.63624954223633, 27.258024215698242, -47.09272003173828, -72.26631164550781, -56.434452056884766, 74.15922546386719, -53.610198974609375]
out2 * 2: [-48.83431625366211, -109.27249908447266, 54.516048431396484, -94.18544006347656, -144.53262329101562, -112.86890411376953, 148.31845092773438, -107.22039794921875]
Loss: 47.75752258300781
H:
[[ 2.35263762e+00  1.04566118e+00 -1.55425640e+02]
 [ 1.13152568e-02  3.80976368e+00 -2.30584318e+02]
 [ 5.25417442e-04  8.09391188e-03  1.00000000e+00]]
H:
[[   2.35263762    1.04566118 -155.42563999]
 [   0.01131526    3.80976368 -230.58431826]
 [   0.00052542    0.00809391    1.        ]]
H_inverse:
[[ 4.20073068e-01 -1.70488160e-01  2.59782293e+01]
 [-9.80363750e-03  1.80156369e-01  4.00174968e+01]
 [-1.41363939e-04 -1.36859232e-03  6.62452492e-01]]
H_inverse:
[[ 0.42007307 -0.17048816 25.97822934]
 [-0.00980364  0.18015637 40.01749682]
 [-0.00014136 -0.00136859  0.66245249]]
H_four_points:
[[-24 -55]
 [ 27 -47]
 [-72 -56]
 [ 74 -54]]