Model Output: [-28.596282958984375, -52.00423049926758, 24.151771545410156, -49.313148498535156, -73.22795867919922, -53.499755859375, 82.45172119140625, -54.68595504760742]
Target: [-25.497154235839844, -46.89596939086914, 32.31386184692383, -71.2081298828125, -96.94155883789062, -71.2081298828125, 76.49146270751953, -46.89596939086914]
Out2: [-28.596282958984375, -52.00423049926758, 24.151771545410156, -49.313148498535156, -73.22795867919922, -53.499755859375, 82.45172119140625, -54.68595504760742]
out2 * 2: [-57.19256591796875, -104.00846099853516, 48.30354309082031, -98.62629699707031, -146.45591735839844, -106.99951171875, 164.9034423828125, -109.37191009521484]
Loss: 46.051177978515625
H:
[[ 2.22761604e+00  1.00618955e+00 -1.54001142e+02]
 [-1.64280640e-02  3.66478466e+00 -2.15336280e+02]
 [ 1.44987500e-04  7.87394778e-03  1.00000000e+00]]
H:
[[   2.22761604    1.00618955 -154.00114234]
 [  -0.01642806    3.66478466 -215.33627971]
 [   0.00014499    0.00787395    1.        ]]
H_inverse:
[[ 4.45668339e-01 -1.84474213e-01  2.89094426e+01]
 [-1.22991911e-03  1.87064731e-01  4.00924143e+01]
 [-5.49320193e-05 -1.44619147e-03  6.80122916e-01]]
H_inverse:
[[ 0.44566834 -0.18447421 28.90944256]
 [-0.00122992  0.18706473 40.09241425]
 [-0.00005493 -0.00144619  0.68012292]]
H_four_points:
[[-29 -52]
 [ 24 -49]
 [-73 -53]
 [ 82 -55]]