Model Output: [-20.734355926513672, -54.16122055053711, 24.206270217895508, -52.027008056640625, -75.83415985107422, -50.9968147277832, 81.08094787597656, -53.788883209228516]
Target: [-28.207866668701172, -53.298465728759766, 33.682640075683594, -72.51334381103516, -101.04789733886719, -72.51334381103516, 84.62357330322266, -53.298465728759766]
Out2: [-20.734355926513672, -54.16122055053711, 24.206270217895508, -52.027008056640625, -75.83415985107422, -50.9968147277832, 81.08094787597656, -53.788883209228516]
out2 * 2: [-41.468711853027344, -108.32244110107422, 48.412540435791016, -104.05401611328125, -151.66831970214844, -101.9936294555664, 162.16189575195312, -107.57776641845703]
Loss: 40.8092155456543
H:
[[ 2.03407249e+00  9.07641439e-01 -1.25100289e+02]
 [-5.06492154e-04  3.45827835e+00 -2.06606840e+02]
 [-5.06492154e-05  7.37964728e-03  1.00000000e+00]]
H:
[[   2.03407249    0.90764144 -125.10028884]
 [  -0.00050649    3.45827835 -206.60683985]
 [  -0.00005065    0.00737965    1.        ]]
H_inverse:
[[ 4.92182371e-01 -1.80837334e-01  2.42099267e+01]
 [ 1.08363543e-03  2.00285623e-01  4.15159428e+01]
 [ 1.69318036e-05 -1.48719652e-03  6.94853200e-01]]
H_inverse:
[[ 0.49218237 -0.18083733 24.20992672]
 [ 0.00108364  0.20028562 41.51594278]
 [ 0.00001693 -0.0014872   0.6948532 ]]
H_four_points:
[[-21 -54]
 [ 24 -52]
 [-76 -51]
 [ 81 -54]]