Model Output: [-23.755353927612305, -51.83942413330078, 21.09992790222168, -53.55342483520508, -73.1973876953125, -52.32359313964844, 82.07456970214844, -54.16839599609375]
Target: [-31.222049713134766, -60.578983306884766, 35.03031921386719, -73.61453247070312, -105.09097290039062, -73.61453247070312, 93.66609954833984, -60.578983306884766]
Out2: [-23.755353927612305, -51.83942413330078, 21.09992790222168, -53.55342483520508, -73.1973876953125, -52.32359313964844, 82.07456970214844, -54.16839599609375]
out2 * 2: [-47.51070785522461, -103.67884826660156, 42.19985580444336, -107.10684967041016, -146.394775390625, -104.64718627929688, 164.14913940429688, -108.3367919921875]
Loss: 36.328460693359375
H:
[[ 1.95438774e+00  8.21267206e-01 -1.20786095e+02]
 [-1.24866025e-02  3.19847595e+00 -1.86846572e+02]
 [-1.38194984e-04  6.72250025e-03  1.00000000e+00]]
H:
[[   1.95438774    0.82126721 -120.78609526]
 [  -0.0124866     3.19847595 -186.84657192]
 [  -0.00013819    0.0067225     1.        ]]
H_inverse:
[[ 5.12363011e-01 -1.87856776e-01  2.67859329e+01]
 [ 4.40617392e-03  2.22873948e-01  4.21754377e+01]
 [ 4.11854926e-05 -1.52423104e-03  7.20177291e-01]]
H_inverse:
[[ 0.51236301 -0.18785678 26.78593291]
 [ 0.00440617  0.22287395 42.17543771]
 [ 0.00004119 -0.00152423  0.72017729]]
H_four_points:
[[-24 -52]
 [ 21 -54]
 [-73 -52]
 [ 82 -54]]