Model Output: [-25.754501342773438, -51.648807525634766, 25.171878814697266, -53.102882385253906, -74.52388763427734, -49.04358673095703, 81.55139923095703, -52.754940032958984]
Target: [-42.80880355834961, -89.73919677734375, 38.982791900634766, -75.75623321533203, -116.94840240478516, -75.75623321533203, 128.42636108398438, -89.73919677734375]
Out2: [-25.754501342773438, -51.648807525634766, 25.171878814697266, -53.102882385253906, -74.52388763427734, -49.04358673095703, 81.55139923095703, -52.754940032958984]
out2 * 2: [-51.509002685546875, -103.29761505126953, 50.34375762939453, -106.20576477050781, -149.0477752685547, -98.08717346191406, 163.10279846191406, -105.50988006591797]
Loss: 21.118318557739258
H:
[[ 1.98225309e+00  9.45750355e-01 -1.32022703e+02]
 [-8.14215214e-03  3.41781139e+00 -2.00733720e+02]
 [-2.22762207e-04  7.36483364e-03  1.00000000e+00]]
H:
[[   1.98225309    0.94575035 -132.02270295]
 [  -0.00814215    3.41781139 -200.73372012]
 [  -0.00022276    0.00736483    1.        ]]
H_inverse:
[[ 5.06700988e-01 -1.98499736e-01  2.70504437e+01]
 [ 5.47022584e-03  2.02097823e-01  4.12900419e+01]
 [ 7.25865272e-05 -1.53263509e-03  7.01931527e-01]]
H_inverse:
[[ 0.50670099 -0.19849974 27.05044367]
 [ 0.00547023  0.20209782 41.29004193]
 [ 0.00007259 -0.00153264  0.70193153]]
H_four_points:
[[-26 -52]
 [ 25 -53]
 [-75 -49]
 [ 82 -53]]