Model Output: [-27.180057525634766, -51.02462387084961, 22.200157165527344, -51.46158981323242, -73.91299438476562, -61.297157287597656, 77.037109375, -51.42255401611328]
Target: [-34.602230072021484, -68.91463470458984, 36.36058044433594, -74.51854705810547, -109.08175659179688, -74.51854705810547, 103.80667114257812, -68.91463470458984]
Out2: [-27.180057525634766, -51.02462387084961, 22.200157165527344, -51.46158981323242, -73.91299438476562, -61.297157287597656, 77.037109375, -51.42255401611328]
out2 * 2: [-54.36011505126953, -102.04924774169922, 44.40031433105469, -102.92317962646484, -147.82598876953125, -122.59431457519531, 154.07421875, -102.84510803222656]
Loss: 32.54436111450195
H:
[[ 2.42288083e+00  1.00031382e+00 -1.61387476e+02]
 [ 7.53167164e-03  3.75466545e+00 -2.20508703e+02]
 [ 5.79359357e-04  8.16092028e-03  1.00000000e+00]]
H:
[[   2.42288083    1.00031382 -161.38747554]
 [   0.00753167    3.75466545 -220.50870327]
 [   0.00057936    0.00816092    1.        ]]
H_inverse:
[[ 4.06514460e-01 -1.69609822e-01  2.82059006e+01]
 [-9.90157007e-03  1.84174529e-01  3.90140971e+01]
 [-1.54712032e-04 -1.40476861e-03  6.65267711e-01]]
H_inverse:
[[ 0.40651446 -0.16960982 28.20590059]
 [-0.00990157  0.18417453 39.01409714]
 [-0.00015471 -0.00140477  0.66526771]]
H_four_points:
[[-27 -51]
 [ 22 -51]
 [-74 -61]
 [ 77 -51]]