Model Output: [-26.178831100463867, -50.611637115478516, 21.81471824645996, -52.662837982177734, -71.91900634765625, -50.458126068115234, 79.07752227783203, -53.51008987426758]
Target: [-38.42913818359375, -78.53436279296875, 37.67692947387695, -75.23101806640625, -113.03085327148438, -75.23101806640625, 115.2873764038086, -78.53436279296875]
Out2: [-26.178831100463867, -50.611637115478516, 21.81471824645996, -52.662837982177734, -71.91900634765625, -50.458126068115234, 79.07752227783203, -53.51008987426758]
out2 * 2: [-52.357662200927734, -101.22327423095703, 43.62943649291992, -105.32567596435547, -143.8380126953125, -100.91625213623047, 158.15504455566406, -107.02017974853516]
Loss: 25.06380844116211
H:
[[ 1.90334879e+00  8.28227895e-01 -1.21352706e+02]
 [-1.85145928e-02  3.14834448e+00 -1.82017360e+02]
 [-2.02563271e-04  6.56284342e-03  1.00000000e+00]]
H:
[[   1.90334879    0.8282279  -121.35270642]
 [  -0.01851459    3.14834448 -182.01735976]
 [  -0.00020256    0.00656284    1.        ]]
H_inverse:
[[ 5.26458159e-01 -1.96944281e-01  2.80398443e+01]
 [ 6.71388127e-03  2.27749487e-01  4.22691079e+01]
 [ 6.25789353e-05 -1.53457790e-03  7.28274306e-01]]
H_inverse:
[[ 0.52645816 -0.19694428 28.03984435]
 [ 0.00671388  0.22774949 42.26910793]
 [ 0.00006258 -0.00153458  0.72827431]]
H_four_points:
[[-26 -51]
 [ 22 -53]
 [-72 -50]
 [ 79 -54]]