Model Output: [-24.73284149169922, -48.987388610839844, 25.209890365600586, -49.6245231628418, -70.05516815185547, -49.889312744140625, 78.3331527709961, -56.56882858276367]
Target: [-42.80880355834961, -89.73919677734375, 38.982791900634766, -75.75623321533203, -116.94840240478516, -75.75623321533203, 128.42636108398438, -89.73919677734375]
Out2: [-24.73284149169922, -48.987388610839844, 25.209890365600586, -49.6245231628418, -70.05516815185547, -49.889312744140625, 78.3331527709961, -56.56882858276367]
out2 * 2: [-49.46568298339844, -97.97477722167969, 50.41978073120117, -99.2490463256836, -140.11033630371094, -99.77862548828125, 156.6663055419922, -113.13765716552734]
Loss: 18.580623626708984
H:
[[ 1.91623959e+00  8.67073349e-01 -1.22980421e+02]
 [-4.53682057e-02  3.20115704e+00 -1.80758328e+02]
 [-1.68030392e-04  6.63902688e-03  1.00000000e+00]]
H:
[[   1.91623959    0.86707335 -122.98042081]
 [  -0.04536821    3.20115704 -180.75832846]
 [  -0.00016803    0.00663903    1.        ]]
H_inverse:
[[ 5.19602671e-01 -1.98757275e-01  2.79739223e+01]
 [ 8.94190903e-03  2.23789473e-01  4.15514907e+01]
 [ 2.79434657e-05 -1.51914159e-03  7.28839005e-01]]
H_inverse:
[[ 0.51960267 -0.19875728 27.97392226]
 [ 0.00894191  0.22378947 41.55149074]
 [ 0.00002794 -0.00151914  0.728839  ]]
H_four_points:
[[-25 -49]
 [ 25 -50]
 [-70 -50]
 [ 78 -57]]