Model Output: [-27.356191635131836, -56.61308288574219, 22.944683074951172, -48.19569396972656, -79.73336029052734, -52.73924255371094, 80.74442291259766, -55.547607421875]
Target: [-47.883399963378906, -102.93311309814453, 40.281368255615234, -76.09725952148438, -120.8441162109375, -76.09725952148438, 143.650146484375, -102.93311309814453]
Out2: [-27.356191635131836, -56.61308288574219, 22.944683074951172, -48.19569396972656, -79.73336029052734, -52.73924255371094, 80.74442291259766, -55.547607421875]
out2 * 2: [-54.71238327026367, -113.22616577148438, 45.889366149902344, -96.39138793945312, -159.4667205810547, -105.47848510742188, 161.4888458251953, -111.09521484375]
Loss: 17.128599166870117
H:
[[ 2.38651180e+00  1.08425106e+00 -1.63319652e+02]
 [ 8.73304759e-03  4.06459666e+00 -2.49567042e+02]
 [ 3.15538639e-04  8.89441530e-03  1.00000000e+00]]
H:
[[   2.3865118     1.08425106 -163.319652  ]
 [   0.00873305    4.06459666 -249.56704197]
 [   0.00031554    0.00889442    1.        ]]
H_inverse:
[[ 4.16193100e-01 -1.68009998e-01  2.60427540e+01]
 [-5.79360306e-03  1.61464235e-01  3.93499423e+01]
 [-7.97942923e-05 -1.38311632e-03  6.41787776e-01]]
H_inverse:
[[ 0.4161931  -0.16801    26.04275396]
 [-0.0057936   0.16146424 39.34994232]
 [-0.00007979 -0.00138312  0.64178778]]
H_four_points:
[[-27 -57]
 [ 23 -48]
 [-80 -53]
 [ 81 -56]]