Model Output: [-24.89481544494629, -50.75469970703125, 23.946414947509766, -48.907554626464844, -77.19148254394531, -50.16781997680664, 76.2310562133789, -52.3264274597168]
Target: [-53.847984313964844, -118.6708984375, 41.57592010498047, -76.2561264038086, -124.72776794433594, -76.2561264038086, 161.5439453125, -118.6708984375]
Out2: [-24.89481544494629, -50.75469970703125, 23.946414947509766, -48.907554626464844, -77.19148254394531, -50.16781997680664, 76.2310562133789, -52.3264274597168]
out2 * 2: [-49.78963088989258, -101.5093994140625, 47.89282989501953, -97.81510925292969, -154.38296508789062, -100.33563995361328, 152.4621124267578, -104.6528549194336]
Loss: 15.741291046142578
H:
[[ 2.08787854e+00  9.54495965e-01 -1.36648136e+02]
 [-5.46181561e-03  3.56228715e+00 -2.08282211e+02]
 [ 2.94893955e-05  7.60826404e-03  1.00000000e+00]]
H:
[[   2.08787854    0.95449596 -136.64813604]
 [  -0.00546182    3.56228715 -208.2822106 ]
 [   0.00002949    0.00760826    1.        ]]
H_inverse:
[[ 4.78092685e-01 -1.85233671e-01  2.67495958e+01]
 [-6.31921171e-05  1.94314185e-01  4.04635528e+01]
 [-1.36178819e-05 -1.47293119e-03  6.91353777e-01]]
H_inverse:
[[ 0.47809268 -0.18523367 26.74959575]
 [-0.00006319  0.19431418 40.46355282]
 [-0.00001362 -0.00147293  0.69135378]]
H_four_points:
[[-25 -51]
 [ 24 -49]
 [-77 -50]
 [ 76 -52]]