Model Output: [-27.739641189575195, -53.89881896972656, 24.963394165039062, -48.1296272277832, -77.99493408203125, -49.426021575927734, 77.75297546386719, -55.19879150390625]
Target: [-60.97798156738281, -137.7359161376953, 42.86957550048828, -76.23359680175781, -128.60877990722656, -76.23359680175781, 182.93389892578125, -137.7359161376953]
Out2: [-27.739641189575195, -53.89881896972656, 24.963394165039062, -48.1296272277832, -77.99493408203125, -49.426021575927734, 77.75297546386719, -55.19879150390625]
out2 * 2: [-55.47928237915039, -107.79763793945312, 49.926788330078125, -96.2592544555664, -155.9898681640625, -98.85204315185547, 155.50595092773438, -110.3975830078125]
Loss: 20.910707473754883
H:
[[ 2.16847041e+00  1.04259425e+00 -1.50617873e+02]
 [-5.67540428e-03  3.78208679e+00 -2.26443033e+02]
 [ 3.11745248e-05  8.16772551e-03  1.00000000e+00]]
H:
[[   2.16847041    1.04259425 -150.61787252]
 [  -0.0056754     3.78208679 -226.44303266]
 [   0.00003117    0.00816773    1.        ]]
H_inverse:
[[ 4.60276448e-01 -1.85757878e-01  2.72622823e+01]
 [-1.13103226e-04  1.77614719e-01  4.02025802e+01]
 [-1.34251035e-05 -1.44491735e-03  6.70786472e-01]]
H_inverse:
[[ 0.46027645 -0.18575788 27.26228228]
 [-0.0001131   0.17761472 40.20258018]
 [-0.00001343 -0.00144492  0.67078647]]
H_four_points:
[[-28 -54]
 [ 25 -48]
 [-78 -49]
 [ 78 -55]]