Model Output: [-27.186491012573242, -51.35780715942383, 23.624330520629883, -49.41225814819336, -71.98052978515625, -55.66984558105469, 75.09703063964844, -51.68525695800781]
Target: [-69.67487335205078, -161.2708740234375, 44.16550827026367, -76.02947998046875, -132.49658203125, -76.02947998046875, 209.0245361328125, -161.2708740234375]
Out2: [-27.186491012573242, -51.35780715942383, 23.624330520629883, -49.41225814819336, -71.98052978515625, -55.66984558105469, 75.09703063964844, -51.68525695800781]
out2 * 2: [-54.372982025146484, -102.71561431884766, 47.248661041259766, -98.82451629638672, -143.9610595703125, -111.33969116210938, 150.19406127929688, -103.37051391601562]
Loss: 32.90510559082031
H:
[[ 2.25166522e+00  9.72027736e-01 -1.50423731e+02]
 [-1.67288423e-03  3.58905169e+00 -2.09954296e+02]
 [ 3.52328431e-04  7.62597318e-03  1.00000000e+00]]
H:
[[   2.25166522    0.97202774 -150.42373126]
 [  -0.00167288    3.58905169 -209.95429642]
 [   0.00035233    0.00762597    1.        ]]
H_inverse:
[[ 4.39532714e-01 -1.79462372e-01  2.84372547e+01]
 [-6.12278296e-03  1.95172328e-01  4.00562570e+01]
 [-1.08167693e-04 -1.42514924e-03  6.84512805e-01]]
H_inverse:
[[ 0.43953271 -0.17946237 28.43725469]
 [-0.00612278  0.19517233 40.05625697]
 [-0.00010817 -0.00142515  0.68451281]]
H_four_points:
[[-27 -51]
 [ 24 -49]
 [-72 -56]
 [ 75 -52]]