Model Output: [-27.924345016479492, -53.26426315307617, 22.03900146484375, -49.635108947753906, -66.55813598632812, -54.56261444091797, 73.56253814697266, -54.11640930175781]
Target: [-80.5480728149414, -191.01055908203125, 45.46689987182617, -75.6423568725586, -136.4007568359375, -75.6423568725586, 241.6441650390625, -191.01055908203125]
Out2: [-27.924345016479492, -53.26426315307617, 22.03900146484375, -49.635108947753906, -66.55813598632812, -54.56261444091797, 73.56253814697266, -54.11640930175781]
out2 * 2: [-55.848690032958984, -106.52852630615234, 44.0780029296875, -99.27021789550781, -133.11627197265625, -109.12522888183594, 147.1250762939453, -108.23281860351562]
Loss: 43.53279113769531
H:
[[ 2.09433278e+00  8.48200850e-01 -1.36613129e+02]
 [-3.43640678e-03  3.23538703e+00 -1.91044861e+02]
 [ 2.17438137e-04  6.60071445e-03  1.00000000e+00]]
H:
[[   2.09433278    0.84820085 -136.61312892]
 [  -0.00343641    3.23538703 -191.04486058]
 [   0.00021744    0.00660071    1.        ]]
H_inverse:
[[ 4.74111583e-01 -1.84517753e-01  2.95186984e+01]
 [-4.01776622e-03  2.23962832e-01  4.22380685e+01]
 [-7.65698116e-05 -1.43819351e-03  7.14780080e-01]]
H_inverse:
[[ 0.47411158 -0.18451775 29.51869835]
 [-0.00401777  0.22396283 42.23806848]
 [-0.00007657 -0.00143819  0.71478008]]
H_four_points:
[[-28 -53]
 [ 22 -50]
 [-67 -55]
 [ 74 -54]]