Model Output: [-26.178510665893555, -50.919132232666016, 20.41680145263672, -45.477874755859375, -68.50525665283203, -51.46134567260742, 74.19363403320312, -47.98774337768555]
Target: [-94.56956481933594, -229.72239685058594, 46.7769889831543, -75.0697021484375, -140.3310089111328, -75.0697021484375, 283.7085876464844, -229.72239685058594]
Out2: [-26.178510665893555, -50.919132232666016, 20.41680145263672, -45.477874755859375, -68.50525665283203, -51.46134567260742, 74.19363403320312, -47.98774337768555]
out2 * 2: [-52.35702133178711, -101.83826446533203, 40.83360290527344, -90.95574951171875, -137.01051330566406, -102.92269134521484, 148.38726806640625, -95.9754867553711]
Loss: 61.52098083496094
H:
[[ 2.16533803e+00  8.27544507e-01 -1.36271877e+02]
 [ 2.28368975e-02  3.34220330e+00 -1.96453523e+02]
 [ 3.61967522e-04  6.74025529e-03  1.00000000e+00]]
H:
[[   2.16533803    0.82754451 -136.27187673]
 [   0.0228369     3.3422033  -196.45352321]
 [   0.00036197    0.00674026    1.        ]]
H_inverse:
[[ 4.58818490e-01 -1.71680391e-01  2.87968391e+01]
 [-9.23730062e-03  2.17756654e-01  4.15202776e+01]
 [-1.03815628e-04 -1.40559271e-03  7.09719209e-01]]
H_inverse:
[[ 0.45881849 -0.17168039 28.7968391 ]
 [-0.0092373   0.21775665 41.52027756]
 [-0.00010382 -0.00140559  0.70971921]]
H_four_points:
[[-26 -51]
 [ 20 -45]
 [-69 -51]
 [ 74 -48]]