Model Output: [-21.830535888671875, -46.555843353271484, 13.241023063659668, -40.73904037475586, -61.22854995727539, -42.77608871459961, 62.02302169799805, -45.46432876586914]
Target: [-113.39070129394531, -282.10858154296875, 48.099090576171875, -74.307861328125, -144.29730224609375, -74.307861328125, 340.1719970703125, -282.10858154296875]
Out2: [-21.830535888671875, -46.555843353271484, 13.241023063659668, -40.73904037475586, -61.22854995727539, -42.77608871459961, 62.02302169799805, -45.46432876586914]
out2 * 2: [-43.66107177734375, -93.11168670654297, 26.482046127319336, -81.47808074951172, -122.45709991455078, -85.55217742919922, 124.0460433959961, -90.92865753173828]
Loss: 90.98802185058594
H:
[[ 1.75991594e+00  5.20137375e-01 -9.16320050e+01]
 [ 1.22431507e-02  2.56724393e+00 -1.43112080e+02]
 [ 1.12858032e-04  4.45983811e-03  1.00000000e+00]]
H:
[[   1.75991594    0.52013738  -91.63200498]
 [   0.01224315    2.56724393 -143.1120797 ]
 [   0.00011286    0.00445984    1.        ]]
H_inverse:
[[ 5.67527235e-01 -1.64442340e-01  2.84699732e+01]
 [-5.02718701e-03  3.13420389e-01  4.43935925e+01]
 [-4.16295668e-05 -1.37924556e-03  7.98798699e-01]]
H_inverse:
[[ 0.56752723 -0.16444234 28.46997321]
 [-0.00502719  0.31342039 44.39359254]
 [-0.00004163 -0.00137925  0.7987987 ]]
H_four_points:
[[-22 -47]
 [ 13 -41]
 [-61 -43]
 [ 62 -45]]