Model Output: [-23.49054527282715, -49.88978958129883, 24.221498489379883, -47.87232971191406, -76.6256103515625, -52.49153518676758, 78.81979370117188, -56.3448371887207]
Target: [-47.883399963378906, -102.93311309814453, 40.281368255615234, -76.09725952148438, -120.8441162109375, -76.09725952148438, 143.650146484375, -102.93311309814453]
Out2: [-23.49054527282715, -49.88978958129883, 24.221498489379883, -47.87232971191406, -76.6256103515625, -52.49153518676758, 78.81979370117188, -56.3448371887207]
out2 * 2: [-46.9810905456543, -99.77957916259766, 48.442996978759766, -95.74465942382812, -153.251220703125, -104.98307037353516, 157.63958740234375, -112.6896743774414]
Loss: 14.612974166870117
H:
[[ 2.12861786e+00  9.57880743e-01 -1.35995971e+02]
 [-3.45856111e-02  3.62166262e+00 -2.08559290e+02]
 [ 7.41838009e-05  7.75353718e-03  1.00000000e+00]]
H:
[[   2.12861786    0.95788074 -135.99597102]
 [  -0.03458561    3.62166262 -208.55929029]
 [   0.00007418    0.00775354    1.        ]]
H_inverse:
[[ 4.65972652e-01 -1.78991882e-01  2.60399833e+01]
 [ 1.70013379e-03  1.90232719e-01  3.99060122e+01]
 [-4.77496730e-05 -1.46169816e-03  6.88655506e-01]]
H_inverse:
[[ 0.46597265 -0.17899188 26.03998332]
 [ 0.00170013  0.19023272 39.90601216]
 [-0.00004775 -0.0014617   0.68865551]]
H_four_points:
[[-23 -50]
 [ 24 -48]
 [-77 -52]
 [ 79 -56]]