Model Output: [-28.318815231323242, -49.336421966552734, 24.61433219909668, -47.972999572753906, -69.39216613769531, -53.62929153442383, 80.77069091796875, -52.52016830444336]
Target: [-53.847984313964844, -118.6708984375, 41.57592010498047, -76.2561264038086, -124.72776794433594, -76.2561264038086, 161.5439453125, -118.6708984375]
Out2: [-28.318815231323242, -49.336421966552734, 24.61433219909668, -47.972999572753906, -69.39216613769531, -53.62929153442383, 80.77069091796875, -52.52016830444336]
out2 * 2: [-56.637630462646484, -98.67284393310547, 49.22866439819336, -95.94599914550781, -138.78433227539062, -107.25858306884766, 161.5413818359375, -105.04033660888672]
Loss: 13.602807998657227
H:
[[ 2.22269931e+00  9.79954476e-01 -1.51106301e+02]
 [-2.09250299e-02  3.55028238e+00 -2.03435728e+02]
 [ 2.23022132e-04  7.53025117e-03  1.00000000e+00]]
H:
[[   2.22269931    0.97995448 -151.10630085]
 [  -0.02092503    3.55028238 -203.43572797]
 [   0.00022302    0.00753025    1.        ]]
H_inverse:
[[ 4.45193847e-01 -1.85518255e-01  2.95305541e+01]
 [-2.14140310e-03  1.97657357e-01  3.98869889e+01]
 [-8.31627777e-05 -1.44703487e-03  6.93054988e-01]]
H_inverse:
[[ 0.44519385 -0.18551826 29.53055407]
 [-0.0021414   0.19765736 39.88698887]
 [-0.00008316 -0.00144703  0.69305499]]
H_four_points:
[[-28 -49]
 [ 25 -48]
 [-69 -54]
 [ 81 -53]]