Model Output: [-24.2642765045166, -48.30223083496094, 26.2514591217041, -47.3455924987793, -71.60102081298828, -50.243953704833984, 69.44776916503906, -51.28382873535156]
Target: [-60.97798156738281, -137.7359161376953, 42.86957550048828, -76.23359680175781, -128.60877990722656, -76.23359680175781, 182.93389892578125, -137.7359161376953]
Out2: [-24.2642765045166, -48.30223083496094, 26.2514591217041, -47.3455924987793, -71.60102081298828, -50.243953704833984, 69.44776916503906, -51.28382873535156]
out2 * 2: [-48.5285530090332, -96.60446166992188, 52.5029182434082, -94.6911849975586, -143.20204162597656, -100.48790740966797, 138.89553833007812, -102.56765747070312]
Loss: 24.96575164794922
H:
[[ 2.00415665e+00  9.04112310e-01 -1.28245318e+02]
 [-1.59102879e-02  3.33789428e+00 -1.89453418e+02]
 [ 8.06064985e-05  6.90529004e-03  1.00000000e+00]]
H:
[[   2.00415665    0.90411231 -128.24531835]
 [  -0.01591029    3.33789428 -189.4534176 ]
 [   0.00008061    0.00690529    1.        ]]
H_inverse:
[[ 4.96341900e-01 -1.91190478e-01  2.74318356e+01]
 [ 6.82757594e-05  2.15206821e-01  4.07804238e+01]
 [-4.04798465e-05 -1.47065432e-03  7.16188162e-01]]
H_inverse:
[[ 0.4963419  -0.19119048 27.43183557]
 [ 0.00006828  0.21520682 40.78042376]
 [-0.00004048 -0.00147065  0.71618816]]
H_four_points:
[[-24 -48]
 [ 26 -47]
 [-72 -50]
 [ 69 -51]]