Model Output: [-26.79998207092285, -49.479801177978516, 25.5341739654541, -45.09306335449219, -69.558837890625, -48.20500183105469, 73.86198425292969, -52.603050231933594]
Target: [-69.67487335205078, -161.2708740234375, 44.16550827026367, -76.02947998046875, -132.49658203125, -76.02947998046875, 209.0245361328125, -161.2708740234375]
Out2: [-26.79998207092285, -49.479801177978516, 25.5341739654541, -45.09306335449219, -69.558837890625, -48.20500183105469, 73.86198425292969, -52.603050231933594]
out2 * 2: [-53.5999641418457, -98.95960235595703, 51.0683479309082, -90.18612670898438, -139.11767578125, -96.41000366210938, 147.72396850585938, -105.20610046386719]
Loss: 30.476577758789062
H:
[[ 2.05254994e+00  9.35914779e-01 -1.37422717e+02]
 [-2.20840247e-02  3.41708922e+00 -1.95453700e+02]
 [ 5.92772956e-05  7.05179763e-03  1.00000000e+00]]
H:
[[   2.05254994    0.93591478 -137.42271671]
 [  -0.02208402    3.41708922 -195.45370044]
 [   0.00005928    0.0070518     1.        ]]
H_inverse:
[[ 4.84292835e-01 -1.92387715e-01  2.89499464e+01]
 [ 1.06021306e-03  2.08112474e-01  4.08220505e+01]
 [-3.61839775e-05 -1.45616283e-03  7.10415086e-01]]
H_inverse:
[[ 0.48429284 -0.19238771 28.94994636]
 [ 0.00106021  0.20811247 40.82205055]
 [-0.00003618 -0.00145616  0.71041509]]
H_four_points:
[[-27 -49]
 [ 26 -45]
 [-70 -48]
 [ 74 -53]]