Model Output: [-23.532575607299805, -50.22932052612305, 19.90775489807129, -43.651161193847656, -61.06307601928711, -47.95571517944336, 71.23989868164062, -48.389793395996094]
Target: [-80.5480728149414, -191.01055908203125, 45.46689987182617, -75.6423568725586, -136.4007568359375, -75.6423568725586, 241.6441650390625, -191.01055908203125]
Out2: [-23.532575607299805, -50.22932052612305, 19.90775489807129, -43.651161193847656, -61.06307601928711, -47.95571517944336, 71.23989868164062, -48.389793395996094]
out2 * 2: [-47.06515121459961, -100.4586410522461, 39.81550979614258, -87.30232238769531, -122.12615203857422, -95.91143035888672, 142.47979736328125, -96.77958679199219]
Loss: 46.16065216064453
H:
[[ 1.95789579e+00  6.99786077e-01 -1.15386729e+02]
 [ 1.40710193e-02  2.92663300e+00 -1.69058338e+02]
 [ 2.11654156e-04  5.53245138e-03  1.00000000e+00]]
H:
[[   1.95789579    0.69978608 -115.38672907]
 [   0.01407102    2.926633   -169.05833835]
 [   0.00021165    0.00553245    1.        ]]
H_inverse:
[[ 5.08894486e-01 -1.76331323e-01  2.89093896e+01]
 [-6.56920496e-03  2.61213437e-01  4.34023106e+01]
 [-7.13658256e-05 -1.40782939e-03  7.53760034e-01]]
H_inverse:
[[ 0.50889449 -0.17633132 28.90938964]
 [-0.0065692   0.26121344 43.40231061]
 [-0.00007137 -0.00140783  0.75376003]]
H_four_points:
[[-24 -50]
 [ 20 -44]
 [-61 -48]
 [ 71 -48]]