Model Output: [-23.585538864135742, -46.856292724609375, 16.96009635925293, -45.217613220214844, -58.68037796020508, -41.260955810546875, 67.943115234375, -45.48007583618164]
Target: [-94.56956481933594, -229.72239685058594, 46.7769889831543, -75.0697021484375, -140.3310089111328, -75.0697021484375, 283.7085876464844, -229.72239685058594]
Out2: [-23.585538864135742, -46.856292724609375, 16.96009635925293, -45.217613220214844, -58.68037796020508, -41.260955810546875, 67.943115234375, -45.48007583618164]
out2 * 2: [-47.171077728271484, -93.71258544921875, 33.92019271850586, -90.43522644042969, -117.36075592041016, -82.52191162109375, 135.88623046875, -90.96015167236328]
Loss: 66.0797119140625
H:
[[ 1.70923569e+00  5.80692455e-01 -9.50068919e+01]
 [ 7.98158515e-03  2.56954241e+00 -1.43053419e+02]
 [-1.09814898e-04  4.62095132e-03  1.00000000e+00]]
H:
[[   1.70923569    0.58069246  -95.00689195]
 [   0.00798159    2.56954241 -143.05341941]
 [  -0.00010981    0.00462095    1.        ]]
H_inverse:
[[ 5.87805935e-01 -1.85537382e-01  2.93038580e+01]
 [ 1.40607756e-03  3.09097612e-01  4.43510574e+01]
 [ 5.80524329e-05 -1.44869979e-03  7.98273923e-01]]
H_inverse:
[[ 0.58780594 -0.18553738 29.30385801]
 [ 0.00140608  0.30909761 44.35105741]
 [ 0.00005805 -0.0014487   0.79827392]]
H_four_points:
[[-24 -47]
 [ 17 -45]
 [-59 -41]
 [ 68 -45]]