Model Output: [-18.24970817565918, -46.530845642089844, 13.72304630279541, -40.10205841064453, -52.25146484375, -38.75543975830078, 64.61205291748047, -39.986270904541016]
Target: [-113.39070129394531, -282.10858154296875, 48.099090576171875, -74.307861328125, -144.29730224609375, -74.307861328125, 340.1719970703125, -282.10858154296875]
Out2: [-18.24970817565918, -46.530845642089844, 13.72304630279541, -40.10205841064453, -52.25146484375, -38.75543975830078, 64.61205291748047, -39.986270904541016]
out2 * 2: [-36.49941635131836, -93.06169128417969, 27.44609260559082, -80.20411682128906, -104.5029296875, -77.51087951660156, 129.22410583496094, -79.97254180908203]
Loss: 93.57109069824219
H:
[[ 1.70233774e+00  4.62116380e-01 -8.07193361e+01]
 [ 3.67466600e-02  2.38600726e+00 -1.33693265e+02]
 [ 9.93849565e-05  3.91071280e-03  1.00000000e+00]]
H:
[[   1.70233774    0.46211638  -80.71933608]
 [   0.03674666    2.38600726 -133.69326453]
 [   0.00009938    0.00391071    1.        ]]
H_inverse:
[[ 5.89281560e-01 -1.57566159e-01  2.65008821e+01]
 [-1.01359783e-02  3.46489498e-01  4.55051427e+01]
 [-1.89268222e-05 -1.33936121e-03  8.19408667e-01]]
H_inverse:
[[ 0.58928156 -0.15756616 26.50088208]
 [-0.01013598  0.3464895  45.50514268]
 [-0.00001893 -0.00133936  0.81940867]]
H_four_points:
[[-18 -47]
 [ 14 -40]
 [-52 -39]
 [ 65 -40]]