Model Output: [-17.3536376953125, -44.74552917480469, 16.539682388305664, -30.432409286499023, -60.46080017089844, -33.890682220458984, 60.99349594116211, -45.09355926513672]
Target: [-2.02059006690979, -2.278594970703125, 5.468929767608643, -15.967379570007324, -16.40679931640625, -15.967379570007324, 6.061769962310791, -2.278594970703125]
Out2: [-17.3536376953125, -44.74552917480469, 16.539682388305664, -30.432409286499023, -60.46080017089844, -33.890682220458984, 60.99349594116211, -45.09355926513672]
out2 * 2: [-34.707275390625, -89.49105834960938, 33.07936477661133, -60.86481857299805, -120.92160034179688, -67.78136444091797, 121.98699188232422, -90.18711853027344]
Loss: 69.07119750976562
H:
[[ 1.74515835e+00  5.34977911e-01 -8.50232142e+01]
 [ 2.71603290e-03  2.67095995e+00 -1.46493888e+02]
 [ 1.42949100e-04  4.47989211e-03  1.00000000e+00]]
H:
[[   1.74515835    0.53497791  -85.02321425]
 [   0.00271603    2.67095995 -146.49388828]
 [   0.00014295    0.00447989    1.        ]]
H_inverse:
[[ 5.71167357e-01 -1.57222539e-01  2.55303436e+01]
 [-4.06109414e-03  3.01667574e-01  4.38471687e+01]
 [-6.34545960e-05 -1.32896337e-03  7.99919875e-01]]
H_inverse:
[[ 0.57116736 -0.15722254 25.53034358]
 [-0.00406109  0.30166757 43.84716866]
 [-0.00006345 -0.00132896  0.79991988]]
H_four_points:
[[-17 -45]
 [ 17 -30]
 [-60 -34]
 [ 61 -45]]