Model Output: [-17.235538482666016, -39.704444885253906, 15.398027420043945, -33.181949615478516, -45.196800231933594, -37.03049087524414, 40.9213981628418, -28.960371017456055]
Target: [0.0, 0.0, 0.0, 0.0, 0.0, 0.0, 0.0, 0.0]
Out2: [-17.235538482666016, -39.704444885253906, 15.398027420043945, -33.181949615478516, -45.196800231933594, -37.03049087524414, 40.9213981628418, -28.960371017456055]
out2 * 2: [-34.47107696533203, -79.40888977050781, 30.79605484008789, -66.36389923095703, -90.39360046386719, -74.06098175048828, 81.8427963256836, -57.92074203491211]
Loss: 64.40725708007812
H:
[[ 1.60941016e+00  3.88755382e-01 -7.08480106e+01]
 [ 6.38714721e-02  2.10792928e+00 -1.09871205e+02]
 [ 3.35109058e-04  3.00085643e-03  1.00000000e+00]]
H:
[[   1.60941016    0.38875538  -70.84801056]
 [   0.06387147    2.10792928 -109.87120498]
 [   0.00033511    0.00300086    1.        ]]
H_inverse:
[[ 6.21769953e-01 -1.53389384e-01  2.71980878e+01]
 [-2.56831548e-02  4.16569337e-01  4.39493746e+01]
 [-1.31289283e-04 -1.19866260e-03  8.58999911e-01]]
H_inverse:
[[ 0.62176995 -0.15338938 27.1980878 ]
 [-0.02568315  0.41656934 43.94937457]
 [-0.00013129 -0.00119866  0.85899991]]
H_four_points:
[[-17 -40]
 [ 15 -33]
 [-45 -37]
 [ 41 -29]]