Model Output: [-16.8124942779541, -43.947139739990234, 18.620147705078125, -27.872365951538086, -62.24342727661133, -32.001651763916016, 58.682003021240234, -46.64188003540039]
Target: [-0.9954100251197815, -1.076645016670227, 2.8348500728607178, -8.407469749450684, -8.504520416259766, -8.407469749450684, 2.9862399101257324, -1.076645016670227]
Out2: [-16.8124942779541, -43.947139739990234, 18.620147705078125, -27.872365951538086, -62.24342727661133, -32.001651763916016, 58.682003021240234, -46.64188003540039]
out2 * 2: [-33.6249885559082, -87.89427947998047, 37.24029541015625, -55.74473190307617, -124.48685455322266, -64.00330352783203, 117.36400604248047, -93.28376007080078]
Loss: 72.41911315917969
H:
[[ 1.72053879e+00  5.66481915e-01 -8.52096845e+01]
 [-1.37710249e-02  2.73174721e+00 -1.47925097e+02]
 [ 8.69541488e-05  4.62037313e-03  1.00000000e+00]]
H:
[[   1.72053879    0.56648192  -85.20968446]
 [  -0.01377102    2.73174721 -147.92509685]
 [   0.00008695    0.00462037    1.        ]]
H_inverse:
[[ 5.78635561e-01 -1.62682435e-01  2.52405387e+01]
 [ 1.53896133e-04  2.92763951e-01  4.33202492e+01]
 [-5.10258203e-05 -1.33853278e-03  7.97649515e-01]]
H_inverse:
[[ 0.57863556 -0.16268243 25.24053865]
 [ 0.0001539   0.29276395 43.32024921]
 [-0.00005103 -0.00133853  0.79764952]]
H_four_points:
[[-17 -44]
 [ 19 -28]
 [-62 -32]
 [ 59 -47]]