Model Output: [-20.52284049987793, -45.173545837402344, 22.05354881286621, -30.86773681640625, -60.53019332885742, -34.27396011352539, 62.9970588684082, -44.910282135009766]
Target: [-2.02059006690979, -2.278594970703125, 5.468929767608643, -15.967379570007324, -16.40679931640625, -15.967379570007324, 6.061769962310791, -2.278594970703125]
Out2: [-20.52284049987793, -45.173545837402344, 22.05354881286621, -30.86773681640625, -60.53019332885742, -34.27396011352539, 62.9970588684082, -44.910282135009766]
out2 * 2: [-41.04568099975586, -90.34709167480469, 44.10709762573242, -61.7354736328125, -121.06038665771484, -68.54792022705078, 125.9941177368164, -89.82056427001953]
Loss: 72.02603149414062
H:
[[ 1.81738228e+00  6.64270253e-01 -1.01424779e+02]
 [ 2.20556102e-03  2.88667411e+00 -1.59525074e+02]
 [ 1.16082159e-04  5.11683328e-03  1.00000000e+00]]
H:
[[   1.81738228    0.66427025 -101.42477876]
 [   0.00220556    2.88667411 -159.52507375]
 [   0.00011608    0.00511683    1.        ]]
H_inverse:
[[ 5.48686659e-01 -1.75328424e-01  2.76811433e+01]
 [-3.07073782e-03  2.71037111e-01  4.29257662e+01]
 [-4.79802784e-05 -1.36649921e-03  7.77142724e-01]]
H_inverse:
[[ 0.54868666 -0.17532842 27.6811433 ]
 [-0.00307074  0.27103711 42.9257662 ]
 [-0.00004798 -0.0013665   0.77714272]]
H_four_points:
[[-21 -45]
 [ 22 -31]
 [-61 -34]
 [ 63 -45]]