Model Output: [-21.13069725036621, -47.109519958496094, 20.84467124938965, -33.28926086425781, -72.81208038330078, -33.686988830566406, 62.61579895019531, -46.71235275268555]
Target: [-3.0794999599456787, -3.61468505859375, 7.9286041259765625, -22.78260040283203, -23.78580093383789, -22.78260040283203, 9.238499641418457, -3.61468505859375]
Out2: [-21.13069725036621, -47.109519958496094, 20.84467124938965, -33.28926086425781, -72.81208038330078, -33.686988830566406, 62.61579895019531, -46.71235275268555]
out2 * 2: [-42.26139450073242, -94.21903991699219, 41.6893424987793, -66.57852172851562, -145.62416076660156, -67.37397766113281, 125.23159790039062, -93.4247055053711]
Loss: 72.44696807861328
H:
[[ 1.85647327e+00  7.35848168e-01 -1.06327805e+02]
 [ 7.20137948e-04  3.17838814e+00 -1.79907743e+02]
 [ 4.23610557e-05  5.98262698e-03  1.00000000e+00]]
H:
[[   1.85647327    0.73584817 -106.3278048 ]
 [   0.00072014    3.17838814 -179.9077426 ]
 [   0.00004236    0.00598263    1.        ]]
H_inverse:
[[ 5.38129798e-01 -1.73524611e-01  2.59997390e+01]
 [-1.05498611e-03  2.35373887e-01  4.22334103e+01]
 [-1.64841580e-05 -1.40080348e-03  7.46231884e-01]]
H_inverse:
[[ 0.5381298  -0.17352461 25.99973903]
 [-0.00105499  0.23537389 42.23341029]
 [-0.00001648 -0.0014008   0.74623188]]
H_four_points:
[[-21 -47]
 [ 21 -33]
 [-73 -34]
 [ 63 -47]]