Model Output: [-23.402860641479492, -49.15473556518555, 18.740478515625, -30.39818000793457, -58.96498489379883, -38.81770706176758, 70.08690643310547, -44.48796463012695]
Target: [-4.176519870758057, -5.095180034637451, 10.236029624938965, -28.939239501953125, -30.7081298828125, -28.939239501953125, 12.529500007629395, -5.095180034637451]
Out2: [-23.402860641479492, -49.15473556518555, 18.740478515625, -30.39818000793457, -58.96498489379883, -38.81770706176758, 70.08690643310547, -44.48796463012695]
out2 * 2: [-46.805721282958984, -98.3094711303711, 37.48095703125, -60.79636001586914, -117.92996978759766, -77.63541412353516, 140.17381286621094, -88.9759292602539]
Loss: 67.79857635498047
H:
[[ 2.07752532e+00  6.88105421e-01 -1.20171206e+02]
 [ 3.67083509e-02  3.09863221e+00 -1.79870640e+02]
 [ 4.81826614e-04  5.55062825e-03  1.00000000e+00]]
H:
[[   2.07752532    0.68810542 -120.17120563]
 [   0.03670835    3.09863221 -179.87063953]
 [   0.00048183    0.00555063    1.        ]]
H_inverse:
[[ 4.77413656e-01 -1.57909151e-01  2.89681546e+01]
 [-1.43764774e-02  2.48834568e-01  4.30303943e+01]
 [-1.50232124e-04 -1.30510335e-03  7.47196650e-01]]
H_inverse:
[[ 0.47741366 -0.15790915 28.96815464]
 [-0.01437648  0.24883457 43.03039432]
 [-0.00015023 -0.0013051   0.74719665]]
H_four_points:
[[-23 -49]
 [ 19 -30]
 [-59 -39]
 [ 70 -44]]