Model Output: [-22.074539184570312, -51.578956604003906, 21.739084243774414, -29.781545639038086, -68.23908996582031, -33.20153045654297, 67.33150482177734, -47.903324127197266]
Target: [-5.316530227661133, -6.731864929199219, 12.410039901733398, -34.50986099243164, -37.230159759521484, -34.50986099243164, 15.949520111083984, -6.731864929199219]
Out2: [-22.074539184570312, -51.578956604003906, 21.739084243774414, -29.781545639038086, -68.23908996582031, -33.20153045654297, 67.33150482177734, -47.903324127197266]
out2 * 2: [-44.149078369140625, -103.15791320800781, 43.47816848754883, -59.56309127807617, -136.47817993164062, -66.40306091308594, 134.6630096435547, -95.80664825439453]
Loss: 66.28868103027344
H:
[[ 1.97052075e+00  7.63564413e-01 -1.16087457e+02]
 [ 2.52499587e-02  3.28484604e+00 -1.95019289e+02]
 [ 2.08749440e-04  6.07621824e-03  1.00000000e+00]]
H:
[[   1.97052075    0.76356441 -116.08745705]
 [   0.02524996    3.28484604 -195.01928899]
 [   0.00020875    0.00607622    1.        ]]
H_inverse:
[[ 5.06822543e-01 -1.66559165e-01  2.63534902e+01]
 [-7.47905629e-03  2.26180238e-01  4.32412845e+01]
 [-6.03545436e-05 -1.33955135e-03  7.31755242e-01]]
H_inverse:
[[ 0.50682254 -0.16655917 26.35349019]
 [-0.00747906  0.22618024 43.24128453]
 [-0.00006035 -0.00133955  0.73175524]]
H_four_points:
[[-22 -52]
 [ 22 -30]
 [-68 -33]
 [ 67 -48]]