Model Output: [-19.18684959411621, -49.67168426513672, 21.01736831665039, -35.412620544433594, -69.4980697631836, -37.86884307861328, 69.87372589111328, -47.346107482910156]
Target: [-6.505040168762207, -8.538475036621094, 14.466705322265625, -39.555660247802734, -43.400150299072266, -39.555660247802734, 19.515100479125977, -8.538475036621094]
Out2: [-19.18684959411621, -49.67168426513672, 21.01736831665039, -35.412620544433594, -69.4980697631836, -37.86884307861328, 69.87372589111328, -47.346107482910156]
out2 * 2: [-38.37369918823242, -99.34336853027344, 42.03473663330078, -70.82524108886719, -138.9961395263672, -75.73768615722656, 139.74745178222656, -94.69221496582031]
Loss: 64.95941162109375
H:
[[ 1.96182362e+00  7.33716689e-01 -1.09512411e+02]
 [ 1.96777854e-02  3.20871004e+00 -1.87016146e+02]
 [ 1.92410033e-04  6.05834304e-03  1.00000000e+00]]
H:
[[   1.96182362    0.73371669 -109.51241064]
 [   0.01967779    3.20871004 -187.01614588]
 [   0.00019241    0.00605834    1.        ]]
H_inverse:
[[ 5.08910305e-01 -1.63769163e-01  2.51045166e+01]
 [-6.52431724e-03  2.32423121e-01  4.27523826e+01]
 [-5.83928965e-05 -1.37658817e-03  7.36161040e-01]]
H_inverse:
[[ 0.5089103  -0.16376916 25.10451658]
 [-0.00652432  0.23242312 42.75238258]
 [-0.00005839 -0.00137659  0.73616104]]
H_four_points:
[[-19 -50]
 [ 21 -35]
 [-69 -38]
 [ 70 -47]]