Model Output: [-22.430561065673828, -53.456790924072266, 21.530672073364258, -35.46416091918945, -70.4219741821289, -38.31157684326172, 69.676513671875, -50.01662826538086]
Target: [-7.748276233673096, -10.530830383300781, 16.419889450073242, -44.12894058227539, -49.25967025756836, -44.12894058227539, 23.244840621948242, -10.530830383300781]
Out2: [-22.430561065673828, -53.456790924072266, 21.530672073364258, -35.46416091918945, -70.4219741821289, -38.31157684326172, 69.676513671875, -50.01662826538086]
out2 * 2: [-44.861122131347656, -106.91358184814453, 43.061344146728516, -70.9283218383789, -140.8439483642578, -76.62315368652344, 139.35302734375, -100.03325653076172]
Loss: 64.57818603515625
H:
[[ 2.00968025e+00  7.94838288e-01 -1.19758902e+02]
 [ 1.94100172e-02  3.34616547e+00 -1.99753185e+02]
 [ 1.96014374e-04  6.40007351e-03  1.00000000e+00]]
H:
[[   2.00968025    0.79483829 -119.75890232]
 [   0.01941002    3.34616547 -199.75318523]
 [   0.00019601    0.00640007    1.        ]]
H_inverse:
[[ 4.96676527e-01 -1.67682176e-01  2.59863869e+01]
 [-6.28975813e-03  2.18358368e-01  4.28645250e+01]
 [-5.71008244e-05 -1.36464149e-03  7.20570184e-01]]
H_inverse:
[[ 0.49667653 -0.16768218 25.98638695]
 [-0.00628976  0.21835837 42.86452496]
 [-0.0000571  -0.00136464  0.72057018]]
H_four_points:
[[-22 -53]
 [ 22 -35]
 [-70 -38]
 [ 70 -50]]