Model Output: [-19.872840881347656, -52.019920349121094, 22.285627365112305, -32.6935920715332, -71.83256530761719, -41.39329528808594, 72.78600311279297, -48.336788177490234]
Target: [-9.053330421447754, -12.727370262145996, 18.28158950805664, -48.274349212646484, -54.84479904174805, -48.274349212646484, 27.159969329833984, -12.727370262145996]
Out2: [-19.872840881347656, -52.019920349121094, 22.285627365112305, -32.6935920715332, -71.83256530761719, -41.39329528808594, 72.78600311279297, -48.336788177490234]
out2 * 2: [-39.74568176269531, -104.03984069824219, 44.57125473022461, -65.3871841430664, -143.66513061523438, -82.78659057617188, 145.57200622558594, -96.67357635498047]
Loss: 61.387264251708984
H:
[[ 2.21797985e+00  8.58207293e-01 -1.31409278e+02]
 [ 3.09664522e-02  3.64769519e+00 -2.17579791e+02]
 [ 4.82395915e-04  7.14072162e-03  1.00000000e+00]]
H:
[[   2.21797985    0.85820729 -131.40927816]
 [   0.03096645    3.64769519 -217.57979053]
 [   0.0004824     0.00714072    1.        ]]
H_inverse:
[[ 4.47543031e-01 -1.54582267e-01  2.51773293e+01]
 [-1.16955218e-02  1.96296627e-01  4.11732788e+01]
 [-1.32378464e-04 -1.32712971e-03  6.93847637e-01]]
H_inverse:
[[ 0.44754303 -0.15458227 25.17732925]
 [-0.01169552  0.19629663 41.17327883]
 [-0.00013238 -0.00132713  0.69384764]]
H_four_points:
[[-20 -52]
 [ 22 -33]
 [-72 -41]
 [ 73 -48]]