Model Output: [-22.432619094848633, -50.12260437011719, 23.985387802124023, -40.46469497680664, -71.3563232421875, -44.317604064941406, 73.2509994506836, -50.7232780456543]
Target: [-10.428299903869629, -15.149539947509766, 20.06232452392578, -52.03023910522461, -60.186981201171875, -52.03023910522461, 31.284879684448242, -15.149539947509766]
Out2: [-22.432619094848633, -50.12260437011719, 23.985387802124023, -40.46469497680664, -71.3563232421875, -44.317604064941406, 73.2509994506836, -50.7232780456543]
out2 * 2: [-44.865238189697266, -100.24520874023438, 47.97077560424805, -80.92938995361328, -142.712646484375, -88.63520812988281, 146.5019989013672, -101.4465560913086]
Loss: 62.12312316894531
H:
[[ 2.05070642e+00  8.60511174e-01 -1.25525398e+02]
 [-3.46659678e-03  3.41442211e+00 -1.98036977e+02]
 [ 1.68266940e-04  6.82300105e-03  1.00000000e+00]]
H:
[[   2.05070642    0.86051117 -125.52539788]
 [  -0.0034666     3.41442211 -198.03697703]
 [   0.00016827    0.006823      1.        ]]
H_inverse:
[[ 4.85184541e-01 -1.74803347e-01  2.62854561e+01]
 [-3.03966242e-03  2.10931043e-01  4.13905912e+01]
 [-6.09008981e-05 -1.40976910e-03  7.13168980e-01]]
H_inverse:
[[ 0.48518454 -0.17480335 26.28545612]
 [-0.00303966  0.21093104 41.39059119]
 [-0.0000609  -0.00140977  0.71316898]]
H_four_points:
[[-22 -50]
 [ 24 -40]
 [-71 -44]
 [ 73 -51]]