Model Output: [-21.400047302246094, -46.36599349975586, 19.915552139282227, -32.065101623535156, -66.48129272460938, -34.428001403808594, 64.16480255126953, -44.79319381713867]
Target: [-3.0794999599456787, -3.61468505859375, 7.9286041259765625, -22.78260040283203, -23.78580093383789, -22.78260040283203, 9.238499641418457, -3.61468505859375]
Out2: [-21.400047302246094, -46.36599349975586, 19.915552139282227, -32.065101623535156, -66.48129272460938, -34.428001403808594, 64.16480255126953, -44.79319381713867]
out2 * 2: [-42.80009460449219, -92.73198699951172, 39.83110427856445, -64.13020324707031, -132.96258544921875, -68.85600280761719, 128.32960510253906, -89.58638763427734]
Loss: 70.30012512207031
H:
[[ 1.83781203e+00  6.68668052e-01 -1.02322360e+02]
 [ 7.17023335e-03  2.97560778e+00 -1.66580059e+02]
 [ 9.96288009e-05  5.38451572e-03  1.00000000e+00]]
H:
[[   1.83781203    0.66866805 -102.32235951]
 [   0.00717023    2.97560778 -166.58005852]
 [   0.00009963    0.00538452    1.        ]]
H_inverse:
[[ 5.43324331e-01 -1.71114583e-01  2.70899503e+01]
 [-3.33445152e-03  2.59277220e-01  4.28492255e+01]
 [-3.61763450e-05 -1.37903432e-03  7.66578732e-01]]
H_inverse:
[[ 0.54332433 -0.17111458 27.08995029]
 [-0.00333445  0.25927722 42.84922549]
 [-0.00003618 -0.00137903  0.76657873]]
H_four_points:
[[-21 -46]
 [ 20 -32]
 [-66 -34]
 [ 64 -45]]