Model Output: [-22.547685623168945, -50.02334213256836, 23.722543716430664, -40.41379165649414, -69.03507232666016, -42.78973388671875, 72.89881896972656, -48.87886428833008]
Target: [-11.882572174072266, -17.822486877441406, 21.771299362182617, -55.42959976196289, -65.31390380859375, -55.42959976196289, 35.647701263427734, -17.822486877441406]
Out2: [-22.547685623168945, -50.02334213256836, 23.722543716430664, -40.41379165649414, -69.03507232666016, -42.78973388671875, 72.89881896972656, -48.87886428833008]
out2 * 2: [-45.09537124633789, -100.04668426513672, 47.44508743286133, -80.82758331298828, -138.0701446533203, -85.5794677734375, 145.79763793945312, -97.75772857666016]
Loss: 57.437503814697266
H:
[[ 2.03730783e+00  8.48089165e-01 -1.25811102e+02]
 [ 8.03232292e-03  3.35146204e+00 -1.94911047e+02]
 [ 1.61667657e-04  6.64256461e-03  1.00000000e+00]]
H:
[[   2.03730783    0.84808917 -125.81110215]
 [   0.00803232    3.35146204 -194.91104698]
 [   0.00016167    0.00664256    1.        ]]
H_inverse:
[[ 4.89400378e-01 -1.77361338e-01  2.70023168e+01]
 [-4.16524149e-03  2.16740487e-01  4.17210817e+01]
 [-5.14523267e-05 -1.41103910e-03  7.18499618e-01]]
H_inverse:
[[ 0.48940038 -0.17736134 27.00231683]
 [-0.00416524  0.21674049 41.72108168]
 [-0.00005145 -0.00141104  0.71849962]]
H_four_points:
[[-23 -50]
 [ 24 -40]
 [-69 -43]
 [ 73 -49]]