Model Output: [-25.29611587524414, -50.31470489501953, 23.336593627929688, -40.73796081542969, -72.14762878417969, -46.38319778442383, 75.93402862548828, -50.289730072021484]
Target: [-13.427013397216797, -20.775650024414062, 23.416690826416016, -58.500850677490234, -70.25006103515625, -58.500850677490234, 40.28104019165039, -20.775650024414062]
Out2: [-25.29611587524414, -50.31470489501953, 23.336593627929688, -40.73796081542969, -72.14762878417969, -46.38319778442383, 75.93402862548828, -50.289730072021484]
out2 * 2: [-50.59223175048828, -100.62940979003906, 46.673187255859375, -81.47592163085938, -144.29525756835938, -92.76639556884766, 151.86805725097656, -100.57946014404297]
Loss: 57.8690185546875
H:
[[ 2.16601818e+00  9.11029213e-01 -1.39138159e+02]
 [ 3.51789495e-03  3.56450459e+00 -2.07607280e+02]
 [ 2.51278211e-04  7.27791792e-03  1.00000000e+00]]
H:
[[   2.16601818    0.91102921 -139.13815938]
 [   0.00351789    3.56450459 -207.60727961]
 [   0.00025128    0.00727792    1.        ]]
H_inverse:
[[ 4.58741865e-01 -1.73869358e-01  2.77319542e+01]
 [-5.03306327e-03  1.98934334e-01  4.05999247e+01]
 [-7.86416137e-05 -1.40413817e-03  6.97548644e-01]]
H_inverse:
[[ 0.45874187 -0.17386936 27.73195423]
 [-0.00503306  0.19893433 40.59992474]
 [-0.00007864 -0.00140414  0.69754864]]
H_four_points:
[[-25 -50]
 [ 23 -41]
 [-72 -46]
 [ 76 -50]]