Model Output: [-22.493135452270508, -50.29644012451172, 19.90029525756836, -41.38302230834961, -69.39604187011719, -44.612648010253906, 74.26165771484375, -50.458675384521484]
Target: [-15.07437515258789, -24.043903350830078, 25.00574493408203, -61.26865005493164, -75.01724243164062, -61.26865005493164, 45.22309875488281, -24.043903350830078]
Out2: [-22.493135452270508, -50.29644012451172, 19.90029525756836, -41.38302230834961, -69.39604187011719, -44.612648010253906, 74.26165771484375, -50.458675384521484]
out2 * 2: [-44.986270904541016, -100.59288024902344, 39.80059051513672, -82.76604461669922, -138.79208374023438, -89.22529602050781, 148.5233154296875, -100.91735076904297]
Loss: 51.83228302001953
H:
[[ 2.01363356e+00  7.58269274e-01 -1.18068312e+02]
 [ 2.52883944e-03  3.21109215e+00 -1.85893920e+02]
 [ 1.80631389e-04  6.26783222e-03  1.00000000e+00]]
H:
[[   2.01363356    0.75826927 -118.06831151]
 [   0.00252884    3.21109215 -185.89392011]
 [   0.00018063    0.00626783    1.        ]]
H_inverse:
[[ 4.94413533e-01 -1.69273148e-01  2.69077220e+01]
 [-4.07926221e-03  2.29903075e-01  4.22559523e+01]
 [-6.37384721e-05 -1.41041786e-03  7.30286402e-01]]
H_inverse:
[[ 0.49441353 -0.16927315 26.90772198]
 [-0.00407926  0.22990308 42.25595226]
 [-0.00006374 -0.00141042  0.7302864 ]]
H_four_points:
[[-22 -50]
 [ 20 -41]
 [-69 -45]
 [ 74 -50]]