Model Output: [-27.369691848754883, -53.57551956176758, 26.425168991088867, -43.559486389160156, -73.416748046875, -46.68170928955078, 74.43252563476562, -50.40410232543945]
Target: [-16.839683532714844, -27.668729782104492, 26.545000076293945, -63.75429916381836, -79.63497924804688, -63.75429916381836, 50.519039154052734, -27.668729782104492]
Out2: [-27.369691848754883, -53.57551956176758, 26.425168991088867, -43.559486389160156, -73.416748046875, -46.68170928955078, 74.43252563476562, -50.40410232543945]
out2 * 2: [-54.739383697509766, -107.15103912353516, 52.850337982177734, -87.11897277832031, -146.83349609375, -93.36341857910156, 148.86505126953125, -100.8082046508789]
Loss: 54.41813659667969
H:
[[ 2.20781132e+00  1.01165499e+00 -1.50076909e+02]
 [ 2.71298538e-02  3.71378103e+00 -2.24291557e+02]
 [ 2.49594537e-04  7.76093574e-03  1.00000000e+00]]
H:
[[   2.20781132    1.01165499 -150.07690861]
 [   0.02712985    3.71378103 -224.29155698]
 [   0.00024959    0.00776094    1.        ]]
H_inverse:
[[ 4.52057629e-01 -1.80375086e-01  2.73868026e+01]
 [-6.88814179e-03  1.86083514e-01  4.07032101e+01]
 [-5.93726891e-05 -1.39916156e-03  6.77269406e-01]]
H_inverse:
[[ 0.45205763 -0.18037509 27.38680261]
 [-0.00688814  0.18608351 40.70321013]
 [-0.00005937 -0.00139916  0.67726941]]
H_four_points:
[[-27 -54]
 [ 26 -44]
 [-73 -47]
 [ 74 -50]]