Model Output: [-22.867271423339844, -51.072635650634766, 23.107624053955078, -47.52851486206055, -74.75507354736328, -51.584510803222656, 78.126220703125, -52.674983978271484]
Target: [-18.74078369140625, -31.699689865112305, 28.04030990600586, -65.97630310058594, -84.12094116210938, -65.97630310058594, 56.22235107421875, -31.699689865112305]
Out2: [-22.867271423339844, -51.072635650634766, 23.107624053955078, -47.52851486206055, -74.75507354736328, -51.584510803222656, 78.126220703125, -52.674983978271484]
out2 * 2: [-45.73454284667969, -102.14527130126953, 46.215248107910156, -95.0570297241211, -149.51014709472656, -103.16902160644531, 156.25244140625, -105.34996795654297]
Loss: 52.619659423828125
H:
[[ 2.14129108e+00  9.18718725e-01 -1.34778243e+02]
 [-9.85604897e-03  3.54241930e+00 -2.06722804e+02]
 [ 1.61755807e-04  7.48396988e-03  1.00000000e+00]]
H:
[[   2.14129108    0.91871873 -134.77824326]
 [  -0.00985605    3.5424193  -206.72280408]
 [   0.00016176    0.00748397    1.        ]]
H_inverse:
[[ 4.64217734e-01 -1.75798466e-01  2.62248988e+01]
 [-2.15097511e-03  1.97296501e-01  4.04957813e+01]
 [-5.89920812e-05 -1.44812465e-03  6.92688762e-01]]
H_inverse:
[[ 0.46421773 -0.17579847 26.22489884]
 [-0.00215098  0.1972965  40.49578133]
 [-0.00005899 -0.00144812  0.69268876]]
H_four_points:
[[-23 -51]
 [ 23 -48]
 [-75 -52]
 [ 78 -53]]