Model Output: [-27.12679100036621, -54.74496841430664, 24.985071182250977, -49.48899841308594, -77.27215576171875, -48.40177917480469, 76.80388641357422, -53.805057525634766]
Target: [-20.799137115478516, -36.196659088134766, 29.497024536132812, -67.950439453125, -88.49111938476562, -67.950439453125, 62.397369384765625, -36.196659088134766]
Out2: [-27.12679100036621, -54.74496841430664, 24.985071182250977, -49.48899841308594, -77.27215576171875, -48.40177917480469, 76.80388641357422, -53.805057525634766]
out2 * 2: [-54.25358200073242, -109.48993682861328, 49.97014236450195, -98.97799682617188, -154.5443115234375, -96.80355834960938, 153.60777282714844, -107.61011505126953]
Loss: 51.972320556640625
H:
[[ 2.09295750e+00  9.97419555e-01 -1.42405480e+02]
 [ 5.54919763e-03  3.64315839e+00 -2.20046803e+02]
 [-2.97366087e-05  7.79099148e-03  1.00000000e+00]]
H:
[[   2.0929575     0.99741956 -142.40548031]
 [   0.0055492     3.64315839 -220.04680254]
 [  -0.00002974    0.00779099    1.        ]]
H_inverse:
[[ 4.78671855e-01 -1.88241851e-01  2.67434780e+01]
 [ 8.88315250e-05  1.86617856e-01  4.10773125e+01]
 [ 1.35419920e-05 -1.45953580e-03  6.80762268e-01]]
H_inverse:
[[ 0.47867186 -0.18824185 26.74347801]
 [ 0.00008883  0.18661786 41.07731252]
 [ 0.00001354 -0.00145954  0.68076227]]
H_four_points:
[[-27 -55]
 [ 25 -49]
 [-77 -48]
 [ 77 -54]]