Model Output: [-24.945091247558594, -51.36533737182617, 19.217302322387695, -46.790321350097656, -63.29045104980469, -49.086212158203125, 74.5216293334961, -50.56069564819336]
Target: [-23.040664672851562, -41.23231506347656, 30.920059204101562, -69.69049835205078, -92.7601318359375, -69.69049835205078, 69.12200164794922, -41.23231506347656]
Out2: [-24.945091247558594, -51.36533737182617, 19.217302322387695, -46.790321350097656, -63.29045104980469, -49.086212158203125, 74.5216293334961, -50.56069564819336]
out2 * 2: [-49.89018249511719, -102.73067474365234, 38.43460464477539, -93.58064270019531, -126.58090209960938, -98.17242431640625, 149.0432586669922, -101.12139129638672]
Loss: 40.23320007324219
H:
[[ 1.93511243e+00  7.04317346e-01 -1.15597610e+02]
 [ 1.10806773e-03  2.93232072e+00 -1.69964143e+02]
 [ 8.52359792e-05  5.65430585e-03  1.00000000e+00]]
H:
[[   1.93511243    0.70431735 -115.59760956]
 [   0.00110807    2.93232072 -169.96414343]
 [   0.00008524    0.00565431    1.        ]]
H_inverse:
[[ 5.15589848e-01 -1.79829941e-01  2.90363120e+01]
 [-2.06523680e-03  2.57568541e-01  4.35386800e+01]
 [-3.22693250e-05 -1.44104333e-03  7.51344048e-01]]
H_inverse:
[[ 0.51558985 -0.17982994 29.03631199]
 [-0.00206524  0.25756854 43.53868001]
 [-0.00003227 -0.00144104  0.75134405]]
H_four_points:
[[-25 -51]
 [ 19 -47]
 [-63 -49]
 [ 75 -51]]