Model Output: [-28.22394561767578, -57.71013259887695, 23.484880447387695, -51.678714752197266, -72.60145568847656, -54.67534255981445, 86.628662109375, -50.660301208496094]
Target: [-25.497154235839844, -46.89596939086914, 32.31386184692383, -71.2081298828125, -96.94155883789062, -71.2081298828125, 76.49146270751953, -46.89596939086914]
Out2: [-28.22394561767578, -57.71013259887695, 23.484880447387695, -51.678714752197266, -72.60145568847656, -54.67534255981445, 86.628662109375, -50.660301208496094]
out2 * 2: [-56.44789123535156, -115.4202651977539, 46.96976089477539, -103.35742950439453, -145.20291137695312, -109.3506851196289, 173.25732421875, -101.32060241699219]
Loss: 47.98432922363281
H:
[[ 2.39507581e+00  1.03759648e+00 -1.63641395e+02]
 [ 4.70038408e-02  3.83423135e+00 -2.39057447e+02]
 [ 3.40878560e-04  8.36121831e-03  1.00000000e+00]]
H:
[[   2.39507581    1.03759648 -163.64139514]
 [   0.04700384    3.83423135 -239.05744712]
 [   0.00034088    0.00836122    1.        ]]
H_inverse:
[[ 4.17038428e-01 -1.72007455e-01  2.71250870e+01]
 [-9.18674636e-03  1.75226181e-01  4.03857915e+01]
 [-6.53470670e-05 -1.40647070e-03  6.53079220e-01]]
H_inverse:
[[ 0.41703843 -0.17200746 27.12508702]
 [-0.00918675  0.17522618 40.38579149]
 [-0.00006535 -0.00140647  0.65307922]]
H_four_points:
[[-28 -58]
 [ 23 -52]
 [-73 -55]
 [ 87 -51]]