Model Output: [-21.266000747680664, -55.356327056884766, 25.295984268188477, -52.6822509765625, -75.53823852539062, -53.68583679199219, 75.0358657836914, -56.31772994995117]
Target: [-28.207866668701172, -53.298465728759766, 33.682640075683594, -72.51334381103516, -101.04789733886719, -72.51334381103516, 84.62357330322266, -53.298465728759766]
Out2: [-21.266000747680664, -55.356327056884766, 25.295984268188477, -52.6822509765625, -75.53823852539062, -53.68583679199219, 75.0358657836914, -56.31772994995117]
out2 * 2: [-42.53200149536133, -110.71265411376953, 50.59196853637695, -105.364501953125, -151.07647705078125, -107.37167358398438, 150.0717315673828, -112.63545989990234]
Loss: 41.396358489990234
H:
[[ 2.03382496e+00  9.16749167e-01 -1.25584476e+02]
 [-5.51871890e-03  3.43977078e+00 -2.06553285e+02]
 [ 2.84135490e-05  7.33069563e-03  1.00000000e+00]]
H:
[[   2.03382496    0.91674917 -125.58447564]
 [  -0.00551872    3.43977078 -206.55328478]
 [   0.00002841    0.0073307     1.        ]]
H_inverse:
[[ 4.90854551e-01 -1.82053065e-01  2.40400529e+01]
 [-3.46983337e-05  2.01871990e-01  4.16929651e+01]
 [-1.36925569e-05 -1.47468934e-03  6.93678500e-01]]
H_inverse:
[[ 0.49085455 -0.18205306 24.04005289]
 [-0.0000347   0.20187199 41.69296511]
 [-0.00001369 -0.00147469  0.6936785 ]]
H_four_points:
[[-21 -55]
 [ 25 -53]
 [-76 -54]
 [ 75 -56]]