Model Output: [-26.581615447998047, -55.312259674072266, 23.299867630004883, -54.55884552001953, -78.39167785644531, -55.86652374267578, 85.94761657714844, -54.324153900146484]
Target: [-31.222049713134766, -60.578983306884766, 35.03031921386719, -73.61453247070312, -105.09097290039062, -73.61453247070312, 93.66609954833984, -60.578983306884766]
Out2: [-26.581615447998047, -55.312259674072266, 23.299867630004883, -54.55884552001953, -78.39167785644531, -55.86652374267578, 85.94761657714844, -54.324153900146484]
out2 * 2: [-53.163230895996094, -110.62451934814453, 46.599735260009766, -109.11769104003906, -156.78335571289062, -111.73304748535156, 171.89523315429688, -108.64830780029297]
Loss: 41.896080017089844
H:
[[ 2.25723527e+00  1.03296479e+00 -1.53470694e+02]
 [ 6.83424608e-03  3.77155111e+00 -2.27926960e+02]
 [ 8.05729413e-05  8.40849374e-03  1.00000000e+00]]
H:
[[   2.25723527    1.03296479 -153.47069359]
 [   0.00683425    3.77155111 -227.92696032]
 [   0.00008057    0.00840849    1.        ]]
H_inverse:
[[ 4.42613450e-01 -1.80795465e-01  2.67200325e+01]
 [-1.96084185e-03  1.76607398e-01  3.99526556e+01]
 [-1.91749411e-05 -1.47043498e-03  6.61905434e-01]]
H_inverse:
[[ 0.44261345 -0.18079546 26.7200325 ]
 [-0.00196084  0.1766074  39.95265555]
 [-0.00001917 -0.00147043  0.66190543]]
H_four_points:
[[-27 -55]
 [ 23 -55]
 [-78 -56]
 [ 86 -54]]