Model Output: [-19.35991859436035, -48.98999786376953, 21.713394165039062, -34.08149719238281, -67.32539367675781, -34.91221618652344, 67.98711395263672, -47.32968521118164]
Target: [-4.176519870758057, -5.095180034637451, 10.236029624938965, -28.939239501953125, -30.7081298828125, -28.939239501953125, 12.529500007629395, -5.095180034637451]
Out2: [-19.35991859436035, -48.98999786376953, 21.713394165039062, -34.08149719238281, -67.32539367675781, -34.91221618652344, 67.98711395263672, -47.32968521118164]
out2 * 2: [-38.7198371887207, -97.97999572753906, 43.426788330078125, -68.16299438476562, -134.65078735351562, -69.82443237304688, 135.97422790527344, -94.65937042236328]
Loss: 69.70993041992188
H:
[[ 1.86775331e+00  7.10348656e-01 -1.03326612e+02]
 [ 1.20877373e-02  3.08317253e+00 -1.77539352e+02]
 [ 8.12239891e-05  5.70763491e-03  1.00000000e+00]]
H:
[[   1.86775331    0.71034866 -103.3266121 ]
 [   0.01208774    3.08317253 -177.53935224]
 [   0.00008122    0.00570763    1.        ]]
H_inverse:
[[ 5.35408418e-01 -1.69921562e-01  2.51541739e+01]
 [-3.46459195e-03  2.45210238e-01  4.31764824e+01]
 [-2.37133816e-05 -1.38576881e-03  7.51521280e-01]]
H_inverse:
[[ 0.53540842 -0.16992156 25.1541739 ]
 [-0.00346459  0.24521024 43.17648236]
 [-0.00002371 -0.00138577  0.75152128]]
H_four_points:
[[-19 -49]
 [ 22 -34]
 [-67 -35]
 [ 68 -47]]