Model Output: [-23.09372329711914, -49.42409133911133, 20.755264282226562, -51.631011962890625, -70.92823791503906, -55.64188766479492, 77.90194702148438, -49.5446891784668]
Target: [-34.602230072021484, -68.91463470458984, 36.36058044433594, -74.51854705810547, -109.08175659179688, -74.51854705810547, 103.80667114257812, -68.91463470458984]
Out2: [-23.09372329711914, -49.42409133911133, 20.755264282226562, -51.631011962890625, -70.92823791503906, -55.64188766479492, 77.90194702148438, -49.5446891784668]
out2 * 2: [-46.18744659423828, -98.84818267822266, 41.510528564453125, -103.26202392578125, -141.85647583007812, -111.28377532958984, 155.80389404296875, -99.0893783569336]
Loss: 28.390512466430664
H:
[[ 2.08892627e+00  8.28027882e-01 -1.27339259e+02]
 [-3.17775738e-03  3.25682459e+00 -1.86521517e+02]
 [ 1.76884152e-04  6.81465787e-03  1.00000000e+00]]
H:
[[   2.08892627    0.82802788 -127.33925933]
 [  -0.00317776    3.25682459 -186.52151717]
 [   0.00017688    0.00681466    1.        ]]
H_inverse:
[[ 4.76126039e-01 -1.78319820e-01  2.73690539e+01]
 [-3.13515213e-03  2.22026878e-01  4.10135623e+01]
 [-6.28541616e-05 -1.48149527e-03  7.15665453e-01]]
H_inverse:
[[ 0.47612604 -0.17831982 27.36905389]
 [-0.00313515  0.22202688 41.01356228]
 [-0.00006285 -0.0014815   0.71566545]]
H_four_points:
[[-23 -49]
 [ 21 -52]
 [-71 -56]
 [ 78 -50]]