Model Output: [-26.551605224609375, -50.966339111328125, 25.941789627075195, -50.625274658203125, -73.02347564697266, -55.314552307128906, 81.70785522460938, -51.063873291015625]
Target: [-38.42913818359375, -78.53436279296875, 37.67692947387695, -75.23101806640625, -113.03085327148438, -75.23101806640625, 115.2873764038086, -78.53436279296875]
Out2: [-26.551605224609375, -50.966339111328125, 25.941789627075195, -50.625274658203125, -73.02347564697266, -55.314552307128906, 81.70785522460938, -51.063873291015625]
out2 * 2: [-53.10321044921875, -101.93267822265625, 51.88357925415039, -101.25054931640625, -146.0469512939453, -110.62910461425781, 163.41571044921875, -102.12774658203125]
Loss: 27.30430793762207
H:
[[ 2.28350242e+00  1.05482203e+00 -1.56744076e+02]
 [ 2.92814475e-03  3.73906929e+00 -2.19492891e+02]
 [ 2.25241904e-04  8.18214356e-03  1.00000000e+00]]
H:
[[   2.28350242    1.05482203 -156.74407583]
 [   0.00292814    3.73906929 -219.492891  ]
 [   0.00022524    0.00818214    1.        ]]
H_inverse:
[[ 4.35408446e-01 -1.83864931e-01  2.78906493e+01]
 [-4.11944537e-03  1.82408312e-01  3.93916291e+01]
 [-6.43663339e-05 -1.45107691e-03  6.71409893e-01]]
H_inverse:
[[ 0.43540845 -0.18386493 27.89064926]
 [-0.00411945  0.18240831 39.39162909]
 [-0.00006437 -0.00145108  0.67140989]]
H_four_points:
[[-27 -51]
 [ 26 -51]
 [-73 -55]
 [ 82 -51]]