Model Output: [-25.797849655151367, -54.3939208984375, 27.30158805847168, -54.97210693359375, -77.97293853759766, -47.39822006225586, 80.22018432617188, -56.733890533447266]
Target: [-42.80880355834961, -89.73919677734375, 38.982791900634766, -75.75623321533203, -116.94840240478516, -75.75623321533203, 128.42636108398438, -89.73919677734375]
Out2: [-25.797849655151367, -54.3939208984375, 27.30158805847168, -54.97210693359375, -77.97293853759766, -47.39822006225586, 80.22018432617188, -56.733890533447266]
out2 * 2: [-51.595699310302734, -108.787841796875, 54.60317611694336, -109.9442138671875, -155.9458770751953, -94.79644012451172, 160.44036865234375, -113.46778106689453]
Loss: 23.928022384643555
H:
[[ 1.86087658e+00  9.73501768e-01 -1.26488241e+02]
 [-2.01282525e-02  3.40311794e+00 -2.02060821e+02]
 [-4.56292891e-04  7.41022924e-03  1.00000000e+00]]
H:
[[   1.86087658    0.97350177 -126.4882413 ]
 [  -0.02012825    3.40311794 -202.06082089]
 [  -0.00045629    0.00741023    1.        ]]
H_inverse:
[[ 5.41430178e-01 -2.11117884e-01  2.58258980e+01]
 [ 1.24105961e-02  1.99224301e-01  4.18252202e+01]
 [ 1.55085379e-04 -1.57262933e-03  7.01849704e-01]]
H_inverse:
[[ 0.54143018 -0.21111788 25.82589798]
 [ 0.0124106   0.1992243  41.82522023]
 [ 0.00015509 -0.00157263  0.7018497 ]]
H_four_points:
[[-26 -54]
 [ 27 -55]
 [-78 -47]
 [ 80 -57]]