Model Output: [-24.282752990722656, -52.587711334228516, 21.126678466796875, -51.07049560546875, -74.92952728271484, -53.54055404663086, 77.77579498291016, -53.01795196533203]
Target: [-47.883399963378906, -102.93311309814453, 40.281368255615234, -76.09725952148438, -120.8441162109375, -76.09725952148438, 143.650146484375, -102.93311309814453]
Out2: [-24.282752990722656, -52.587711334228516, 21.126678466796875, -51.07049560546875, -74.92952728271484, -53.54055404663086, 77.77579498291016, -53.01795196533203]
out2 * 2: [-48.56550598144531, -105.17542266845703, 42.25335693359375, -102.1409912109375, -149.8590545654297, -107.08110809326172, 155.5515899658203, -106.03590393066406]
Loss: 13.242895126342773
H:
[[ 2.12487911e+00  8.78274446e-01 -1.33170357e+02]
 [ 1.68823909e-03  3.44582244e+00 -2.04407029e+02]
 [ 1.53476281e-04  7.28069183e-03  1.00000000e+00]]
H:
[[   2.12487911    0.87827445 -133.17035696]
 [   0.00168824    3.44582244 -204.40702939]
 [   0.00015348    0.00728069    1.        ]]
H_inverse:
[[ 4.68837241e-01 -1.75583933e-01  2.65446325e+01]
 [-3.14137623e-03  2.03849857e-01  4.12500055e+01]
 [-4.90840036e-05 -1.45722002e-03  6.95597451e-01]]
H_inverse:
[[ 0.46883724 -0.17558393 26.54463253]
 [-0.00314138  0.20384986 41.25000551]
 [-0.00004908 -0.00145722  0.69559745]]
H_four_points:
[[-24 -53]
 [ 21 -51]
 [-75 -54]
 [ 78 -53]]