Model Output: [-25.75694465637207, -52.38131332397461, 24.323074340820312, -53.63652038574219, -70.89653015136719, -52.695377349853516, 77.31989288330078, -53.71676254272461]
Target: [-53.847984313964844, -118.6708984375, 41.57592010498047, -76.2561264038086, -124.72776794433594, -76.2561264038086, 161.5439453125, -118.6708984375]
Out2: [-25.75694465637207, -52.38131332397461, 24.323074340820312, -53.63652038574219, -70.89653015136719, -52.695377349853516, 77.31989288330078, -53.71676254272461]
out2 * 2: [-51.51388931274414, -104.76262664794922, 48.646148681640625, -107.27304077148438, -141.79306030273438, -105.39075469970703, 154.63978576660156, -107.43352508544922]
Loss: 14.833869934082031
H:
[[ 1.96584953e+00  8.75021758e-01 -1.27562245e+02]
 [-1.20687173e-02  3.21862751e+00 -1.88087073e+02]
 [-9.14622354e-05  6.77465209e-03  1.00000000e+00]]
H:
[[   1.96584953    0.87502176 -127.56224482]
 [  -0.01206872    3.21862751 -188.08707312]
 [  -0.00009146    0.00677465    1.        ]]
H_inverse:
[[ 5.08772867e-01 -1.96949213e-01  2.78566080e+01]
 [ 3.31472891e-03  2.21292619e-01  4.20451153e+01]
 [ 2.40773686e-05 -1.51719392e-03  7.17706799e-01]]
H_inverse:
[[ 0.50877287 -0.19694921 27.85660799]
 [ 0.00331473  0.22129262 42.04511527]
 [ 0.00002408 -0.00151719  0.7177068 ]]
H_four_points:
[[-26 -52]
 [ 24 -54]
 [-71 -53]
 [ 77 -54]]