Model Output: [-24.903478622436523, -53.07109451293945, 20.86737060546875, -48.67427062988281, -69.55980682373047, -46.13290023803711, 69.5883560180664, -46.32371520996094]
Target: [-60.97798156738281, -137.7359161376953, 42.86957550048828, -76.23359680175781, -128.60877990722656, -76.23359680175781, 182.93389892578125, -137.7359161376953]
Out2: [-24.903478622436523, -53.07109451293945, 20.86737060546875, -48.67427062988281, -69.55980682373047, -46.13290023803711, 69.5883560180664, -46.32371520996094]
out2 * 2: [-49.80695724487305, -106.1421890258789, 41.7347412109375, -97.34854125976562, -139.11961364746094, -92.26580047607422, 139.1767120361328, -92.64743041992188]
Loss: 22.550403594970703
H:
[[ 1.91713931e+00  7.73488706e-01 -1.17812720e+02]
 [ 3.83666906e-02  3.08348589e+00 -1.84458508e+02]
 [ 1.30248770e-05  6.15182818e-03  1.00000000e+00]]
H:
[[   1.91713931    0.77348871 -117.81271964]
 [   0.03836669    3.08348589 -184.45850836]
 [   0.00001302    0.00615183    1.        ]]
H_inverse:
[[ 5.25156790e-01 -1.86527279e-01  2.74636060e+01]
 [-5.07563067e-03  2.38868313e-01  4.34633189e+01]
 [ 2.43843052e-05 -1.46704733e-03  7.32263420e-01]]
H_inverse:
[[ 0.52515679 -0.18652728 27.46360604]
 [-0.00507563  0.23886831 43.46331892]
 [ 0.00002438 -0.00146705  0.73226342]]
H_four_points:
[[-25 -53]
 [ 21 -49]
 [-70 -46]
 [ 70 -46]]