Model Output: [-22.863460540771484, -49.47603988647461, 21.313154220581055, -47.24394226074219, -66.15123748779297, -47.912071228027344, 73.52788543701172, -49.6760368347168]
Target: [-69.67487335205078, -161.2708740234375, 44.16550827026367, -76.02947998046875, -132.49658203125, -76.02947998046875, 209.0245361328125, -161.2708740234375]
Out2: [-22.863460540771484, -49.47603988647461, 21.313154220581055, -47.24394226074219, -66.15123748779297, -47.912071228027344, 73.52788543701172, -49.6760368347168]
out2 * 2: [-45.72692108154297, -98.95207977294922, 42.62630844116211, -94.48788452148438, -132.30247497558594, -95.82414245605469, 147.05577087402344, -99.3520736694336]
Loss: 31.26758575439453
H:
[[ 1.90862213e+00  7.36408608e-01 -1.12798450e+02]
 [-5.06247425e-03  2.99308940e+00 -1.70569022e+02]
 [ 2.27827438e-05  5.87794789e-03  1.00000000e+00]]
H:
[[   1.90862213    0.73640861 -112.79844998]
 [  -0.00506247    2.9930894  -170.56902181]
 [   0.00002278    0.00587795    1.        ]]
H_inverse:
[[ 5.23120892e-01 -1.83215665e-01  2.77563090e+01]
 [ 1.54021742e-04  2.50216021e-01  4.26964753e+01]
 [-1.28234610e-05 -1.46658258e-03  7.48399978e-01]]
H_inverse:
[[ 0.52312089 -0.18321567 27.75630897]
 [ 0.00015402  0.25021602 42.69647535]
 [-0.00001282 -0.00146658  0.74839998]]
H_four_points:
[[-23 -49]
 [ 21 -47]
 [-66 -48]
 [ 74 -50]]