Model Output: [-22.63567352294922, -51.45613479614258, 21.73358917236328, -48.30518341064453, -69.71002197265625, -47.4882698059082, 68.6172866821289, -45.71543502807617]
Target: [-80.5480728149414, -191.01055908203125, 45.46689987182617, -75.6423568725586, -136.4007568359375, -75.6423568725586, 241.6441650390625, -191.01055908203125]
Out2: [-22.63567352294922, -51.45613479614258, 21.73358917236328, -48.30518341064453, -69.71002197265625, -47.4882698059082, 68.6172866821289, -45.71543502807617]
out2 * 2: [-45.27134704589844, -102.91226959228516, 43.46717834472656, -96.61036682128906, -139.4200439453125, -94.9765396118164, 137.2345733642578, -91.43087005615234]
Loss: 46.58568572998047
H:
[[ 1.92697299e+00  7.78212139e-01 -1.15734310e+02]
 [ 2.84498605e-02  3.09935797e+00 -1.81980482e+02]
 [ 6.15157480e-05  6.18754588e-03  1.00000000e+00]]
H:
[[   1.92697299    0.77821214 -115.73431036]
 [   0.02844986    3.09935797 -181.98048178]
 [   0.00006152    0.00618755    1.        ]]
H_inverse:
[[ 5.20813807e-01 -1.84188416e-01  2.67573301e+01]
 [-4.88653392e-03  2.38393781e-01  4.28174755e+01]
 [-1.80259814e-06 -1.46374197e-03  7.33418909e-01]]
H_inverse:
[[ 0.52081381 -0.18418842 26.75733013]
 [-0.00488653  0.23839378 42.81747555]
 [-0.0000018  -0.00146374  0.73341891]]
H_four_points:
[[-23 -51]
 [ 22 -48]
 [-70 -47]
 [ 69 -46]]