Model Output: [-19.717166900634766, -48.25501251220703, 14.675885200500488, -42.524105072021484, -63.111446380615234, -42.32130813598633, 62.3838996887207, -44.52961349487305]
Target: [-94.56956481933594, -229.72239685058594, 46.7769889831543, -75.0697021484375, -140.3310089111328, -75.0697021484375, 283.7085876464844, -229.72239685058594]
Out2: [-19.717166900634766, -48.25501251220703, 14.675885200500488, -42.524105072021484, -63.111446380615234, -42.32130813598633, 62.3838996887207, -44.52961349487305]
out2 * 2: [-39.43433380126953, -96.51002502441406, 29.351770401000977, -85.04821014404297, -126.22289276123047, -84.64261627197266, 124.7677993774414, -89.0592269897461]
Loss: 67.3795394897461
H:
[[ 1.71516423e+00  5.36571187e-01 -8.72250493e+01]
 [ 1.55575934e-02  2.57973609e+00 -1.45412971e+02]
 [ 2.14127896e-05  4.55458776e-03  1.00000000e+00]]
H:
[[   1.71516423    0.53657119  -87.22504929]
 [   0.01555759    2.57973609 -145.41297143]
 [   0.00002141    0.00455459    1.        ]]
H_inverse:
[[ 5.84230284e-01 -1.68283559e-01  2.64889030e+01]
 [-3.36465918e-03  3.09417674e-01  4.46998608e+01]
 [ 2.81463533e-06 -1.40566653e-03  7.95843360e-01]]
H_inverse:
[[ 0.58423028 -0.16828356 26.48890299]
 [-0.00336466  0.30941767 44.69986077]
 [ 0.00000281 -0.00140567  0.79584336]]
H_four_points:
[[-20 -48]
 [ 15 -43]
 [-63 -42]
 [ 62 -45]]