Model Output: [-17.307788848876953, -46.03599166870117, 13.019189834594727, -38.252586364746094, -58.6053581237793, -41.58941650390625, 60.43574905395508, -43.444358825683594]
Target: [-113.39070129394531, -282.10858154296875, 48.099090576171875, -74.307861328125, -144.29730224609375, -74.307861328125, 340.1719970703125, -282.10858154296875]
Out2: [-17.307788848876953, -46.03599166870117, 13.019189834594727, -38.252586364746094, -58.6053581237793, -41.58941650390625, 60.43574905395508, -43.444358825683594]
out2 * 2: [-34.615577697753906, -92.07198333740234, 26.038379669189453, -76.50517272949219, -117.2107162475586, -83.1788330078125, 120.87149810791016, -86.88871765136719]
Loss: 92.9434585571289
H:
[[ 1.74205704e+00  4.71947057e-01 -8.15158987e+01]
 [ 1.92323473e-02  2.49933969e+00 -1.38140812e+02]
 [ 2.01298568e-04  4.18047122e-03  1.00000000e+00]]
H:
[[   1.74205704    0.47194706  -81.51589874]
 [   0.01923235    2.49933969 -138.14081155]
 [   0.0002013     0.00418047    1.        ]]
H_inverse:
[[ 5.72724287e-01 -1.51280726e-01  2.57880928e+01]
 [-8.75604459e-03  3.27322317e-01  4.45028137e+01]
 [-7.86841866e-05 -1.33790893e-03  8.08766162e-01]]
H_inverse:
[[ 0.57272429 -0.15128073 25.78809281]
 [-0.00875604  0.32732232 44.50281365]
 [-0.00007868 -0.00133791  0.80876616]]
H_four_points:
[[-17 -46]
 [ 13 -38]
 [-59 -42]
 [ 60 -43]]