Model Output: [-22.77823829650879, -52.008846282958984, 24.67140007019043, -35.076377868652344, -66.89049530029297, -34.42760467529297, 70.37379455566406, -51.319190979003906]
Target: [-5.316530227661133, -6.731864929199219, 12.410039901733398, -34.50986099243164, -37.230159759521484, -34.50986099243164, 15.949520111083984, -6.731864929199219]
Out2: [-22.77823829650879, -52.008846282958984, 24.67140007019043, -35.076377868652344, -66.89049530029297, -34.42760467529297, 70.37379455566406, -51.319190979003906]
out2 * 2: [-45.55647659301758, -104.01769256591797, 49.34280014038086, -70.15275573730469, -133.78099060058594, -68.85520935058594, 140.74758911132812, -102.63838195800781]
Loss: 70.21277618408203
H:
[[ 1.88504939e+00  8.03576244e-01 -1.15117944e+02]
 [ 5.13567540e-03  3.22056073e+00 -1.89775078e+02]
 [-2.23531891e-05  6.10242062e-03  1.00000000e+00]]
H:
[[   1.88504939    0.80357624 -115.11794364]
 [   0.00513568    3.22056073 -189.7750781 ]
 [  -0.00002235    0.00610242    1.        ]]
H_inverse:
[[ 5.31301981e-01 -1.82745970e-01  2.64817608e+01]
 [-1.08428435e-04  2.28418289e-01  4.33356165e+01]
 [ 1.25379696e-05 -1.39798943e-03  7.36139792e-01]]
H_inverse:
[[ 0.53130198 -0.18274597 26.48176083]
 [-0.00010843  0.22841829 43.33561653]
 [ 0.00001254 -0.00139799  0.73613979]]
H_four_points:
[[-23 -52]
 [ 25 -35]
 [-67 -34]
 [ 70 -51]]