Model Output: [-15.80174732208252, -39.794368743896484, 15.89024543762207, -34.86631393432617, -40.35885238647461, -37.466426849365234, 44.36780548095703, -30.04673957824707]
Target: [0.0, 0.0, 0.0, 0.0, 0.0, 0.0, 0.0, 0.0]
Out2: [-15.80174732208252, -39.794368743896484, 15.89024543762207, -34.86631393432617, -40.35885238647461, -37.466426849365234, 44.36780548095703, -30.04673957824707]
out2 * 2: [-31.60349464416504, -79.58873748779297, 31.78049087524414, -69.73262786865234, -80.71770477294922, -74.93285369873047, 88.73561096191406, -60.09347915649414]
Loss: 64.64812469482422
H:
[[ 1.56639298e+00  3.74575311e-01 -6.68176670e+01]
 [ 5.51387316e-02  2.02114595e+00 -1.04180068e+02]
 [ 2.47734994e-04  2.81356172e-03  1.00000000e+00]]
H:
[[   1.56639298    0.37457531  -66.81766704]
 [   0.05513873    2.02114595 -104.18006795]
 [   0.00024773    0.00281356    1.        ]]
H_inverse:
[[ 6.39685348e-01 -1.55500213e-01  2.65422599e+01]
 [-2.23747728e-02  4.37542058e-01  4.40881312e+01]
 [-9.55196418e-05 -1.19252874e-03  8.69379875e-01]]
H_inverse:
[[ 0.63968535 -0.15550021 26.5422599 ]
 [-0.02237477  0.43754206 44.08813122]
 [-0.00009552 -0.00119253  0.86937988]]
H_four_points:
[[-16 -40]
 [ 16 -35]
 [-40 -37]
 [ 44 -30]]