Model Output: [-22.875585556030273, -44.07951354980469, 18.480579376220703, -29.115922927856445, -59.35526657104492, -34.03043746948242, 65.11744689941406, -45.699337005615234]
Target: [-0.9954100251197815, -1.076645016670227, 2.8348500728607178, -8.407469749450684, -8.504520416259766, -8.407469749450684, 2.9862399101257324, -1.076645016670227]
Out2: [-22.875585556030273, -44.07951354980469, 18.480579376220703, -29.115922927856445, -59.35526657104492, -34.03043746948242, 65.11744689941406, -45.699337005615234]
out2 * 2: [-45.75117111206055, -88.15902709960938, 36.961158752441406, -58.23184585571289, -118.71053314208984, -68.06087493896484, 130.23489379882812, -91.39867401123047]
Loss: 75.40235900878906
H:
[[ 1.83132071e+00  6.09731168e-01 -1.02093396e+02]
 [-7.64487222e-03  2.81107794e+00 -1.53012924e+02]
 [ 1.48348948e-04  4.85695763e-03  1.00000000e+00]]
H:
[[   1.83132071    0.60973117 -102.09339579]
 [  -0.00764487    2.81107794 -153.012924  ]
 [   0.00014835    0.00485696    1.        ]]
H_inverse:
[[ 5.42952042e-01 -1.68891859e-01  2.95891805e+01]
 [-2.29973235e-03  2.82068255e-01  4.29253010e+01]
 [-6.93766617e-05 -1.34493863e-03  7.87124108e-01]]
H_inverse:
[[ 0.54295204 -0.16889186 29.58918055]
 [-0.00229973  0.28206826 42.92530101]
 [-0.00006938 -0.00134494  0.78712411]]
H_four_points:
[[-23 -44]
 [ 18 -29]
 [-59 -34]
 [ 65 -46]]