Model Output: [-19.797269821166992, -42.517852783203125, 17.38897132873535, -25.261499404907227, -58.79106140136719, -33.99861526489258, 60.33029556274414, -46.89346694946289]
Target: [-2.02059006690979, -2.278594970703125, 5.468929767608643, -15.967379570007324, -16.40679931640625, -15.967379570007324, 6.061769962310791, -2.278594970703125]
Out2: [-19.797269821166992, -42.517852783203125, 17.38897132873535, -25.261499404907227, -58.79106140136719, -33.99861526489258, 60.33029556274414, -46.89346694946289]
out2 * 2: [-39.594539642333984, -85.03570556640625, 34.7779426574707, -50.52299880981445, -117.58212280273438, -67.99723052978516, 120.66059112548828, -93.78693389892578]
Loss: 67.9384994506836
H:
[[ 1.81454927e+00  5.62068005e-01 -9.44459189e+01]
 [-1.62406682e-02  2.75980777e+00 -1.48069901e+02]
 [ 2.49078065e-04  4.60091726e-03  1.00000000e+00]]
H:
[[   1.81454927    0.56206801  -94.44591893]
 [  -0.01624067    2.75980777 -148.06990099]
 [   0.00024908    0.00460092    1.        ]]
H_inverse:
[[ 5.45822983e-01 -1.58081979e-01  2.81435703e+01]
 [-3.27397117e-03  2.91555905e-01  4.28614407e+01]
 [-1.20889262e-04 -1.30204984e-03  7.95788111e-01]]
H_inverse:
[[ 0.54582298 -0.15808198 28.14357027]
 [-0.00327397  0.2915559  42.86144071]
 [-0.00012089 -0.00130205  0.79578811]]
H_four_points:
[[-20 -43]
 [ 17 -25]
 [-59 -34]
 [ 60 -47]]