Model Output: [-20.305273056030273, -43.11990737915039, 20.686899185180664, -27.287893295288086, -62.179161071777344, -35.220497131347656, 62.09703826904297, -46.4902458190918]
Target: [-3.0794999599456787, -3.61468505859375, 7.9286041259765625, -22.78260040283203, -23.78580093383789, -22.78260040283203, 9.238499641418457, -3.61468505859375]
Out2: [-20.305273056030273, -43.11990737915039, 20.686899185180664, -27.287893295288086, -62.179161071777344, -35.220497131347656, 62.09703826904297, -46.4902458190918]
out2 * 2: [-40.61054611206055, -86.23981475830078, 41.37379837036133, -54.57578659057617, -124.35832214355469, -70.44099426269531, 124.19407653808594, -92.9804916381836]
Loss: 67.24336242675781
H:
[[ 1.87962114e+00  6.59192403e-01 -1.03089849e+02]
 [-1.12305271e-02  2.96129110e+00 -1.60456636e+02]
 [ 2.54902528e-04  5.21179425e-03  1.00000000e+00]]
H:
[[   1.87962114    0.6591924  -103.08984888]
 [  -0.01123053    2.9612911  -160.45663601]
 [   0.0002549     0.00521179    1.        ]]
H_inverse:
[[ 5.27272940e-01 -1.66124951e-01  2.77006370e+01]
 [-4.11957708e-03  2.64625044e-01  4.20361578e+01]
 [-1.12932817e-04 -1.33682562e-03  7.73855232e-01]]
H_inverse:
[[ 0.52727294 -0.16612495 27.70063699]
 [-0.00411958  0.26462504 42.03615785]
 [-0.00011293 -0.00133683  0.77385523]]
H_four_points:
[[-20 -43]
 [ 21 -27]
 [-62 -35]
 [ 62 -46]]