Model Output: [-19.1530704498291, -48.28983688354492, 17.905550003051758, -27.200651168823242, -64.01606750488281, -27.980998992919922, 62.02932357788086, -47.89933776855469]
Target: [-4.176519870758057, -5.095180034637451, 10.236029624938965, -28.939239501953125, -30.7081298828125, -28.939239501953125, 12.529500007629395, -5.095180034637451]
Out2: [-19.1530704498291, -48.28983688354492, 17.905550003051758, -27.200651168823242, -64.01606750488281, -27.980998992919922, 62.02932357788086, -47.89933776855469]
out2 * 2: [-38.3061408996582, -96.57967376708984, 35.811100006103516, -54.401302337646484, -128.03213500976562, -55.961997985839844, 124.05864715576172, -95.79867553710938]
Loss: 62.903831481933594
H:
[[ 1.73958283e+00  5.85005876e-01 -8.97783237e+01]
 [ 5.76498040e-04  2.83182723e+00 -1.60297712e+02]
 [ 3.60311275e-05  4.82346672e-03  1.00000000e+00]]
H:
[[   1.73958283    0.58500588  -89.77832367]
 [   0.0005765     2.83182723 -160.29771248]
 [   0.00003603    0.00482347    1.        ]]
H_inverse:
[[ 5.74374687e-01 -1.62202069e-01  2.55657759e+01]
 [-1.01207430e-03  2.77676940e-01  4.44201160e+01]
 [-1.58136609e-05 -1.33352116e-03  7.84819885e-01]]
H_inverse:
[[ 0.57437469 -0.16220207 25.56577586]
 [-0.00101207  0.27767694 44.42011595]
 [-0.00001581 -0.00133352  0.78481989]]
H_four_points:
[[-19 -48]
 [ 18 -27]
 [-64 -28]
 [ 62 -48]]