Model Output: [-21.3372802734375, -45.24318313598633, 23.82940673828125, -30.307533264160156, -70.21997833251953, -37.0457878112793, 62.859683990478516, -47.17697525024414]
Target: [-5.316530227661133, -6.731864929199219, 12.410039901733398, -34.50986099243164, -37.230159759521484, -34.50986099243164, 15.949520111083984, -6.731864929199219]
Out2: [-21.3372802734375, -45.24318313598633, 23.82940673828125, -30.307533264160156, -70.21997833251953, -37.0457878112793, 62.859683990478516, -47.17697525024414]
out2 * 2: [-42.674560546875, -90.48636627197266, 47.6588134765625, -60.61506652832031, -140.43995666503906, -74.0915756225586, 125.71936798095703, -94.35395050048828]
Loss: 65.33124542236328
H:
[[ 1.99269819e+00  8.06766419e-01 -1.18008729e+02]
 [-6.50563989e-03  3.34037015e+00 -1.86344466e+02]
 [ 2.70925575e-04  6.32682374e-03  1.00000000e+00]]
H:
[[   1.99269819    0.80676642 -118.00872865]
 [  -0.00650564    3.34037015 -186.34446553]
 [   0.00027093    0.00632682    1.        ]]
H_inverse:
[[ 4.97623098e-01 -1.71042982e-01  2.68509561e+01]
 [-4.84260779e-03  2.22935810e-01  4.09713844e+01]
 [-1.04180498e-04 -1.36413566e-03  7.33506662e-01]]
H_inverse:
[[ 0.4976231  -0.17104298 26.8509561 ]
 [-0.00484261  0.22293581 40.9713844 ]
 [-0.00010418 -0.00136414  0.73350666]]
H_four_points:
[[-21 -45]
 [ 24 -30]
 [-70 -37]
 [ 63 -47]]