Model Output: [-17.562143325805664, -47.40141296386719, 21.753084182739258, -30.82304573059082, -63.59014129638672, -37.83510208129883, 64.8741226196289, -44.17941665649414]
Target: [-6.505040168762207, -8.538475036621094, 14.466705322265625, -39.555660247802734, -43.400150299072266, -39.555660247802734, 19.515100479125977, -8.538475036621094]
Out2: [-17.562143325805664, -47.40141296386719, 21.753084182739258, -30.82304573059082, -63.59014129638672, -37.83510208129883, 64.8741226196289, -44.17941665649414]
out2 * 2: [-35.12428665161133, -94.80282592773438, 43.506168365478516, -61.64609146118164, -127.18028259277344, -75.67020416259766, 129.7482452392578, -88.35883331298828]
Loss: 59.495208740234375
H:
[[ 1.97056854e+00  7.01881290e-01 -1.07361936e+02]
 [ 2.33663122e-02  3.10257381e+00 -1.76528157e+02]
 [ 3.57239863e-04  5.64644678e-03  1.00000000e+00]]
H:
[[   1.97056854    0.70188129 -107.36193565]
 [   0.02336631    3.10257381 -176.5281569 ]
 [   0.00035724    0.00564645    1.        ]]
H_inverse:
[[ 5.04708176e-01 -1.61052174e-01  2.57562033e+01]
 [-1.06411341e-02  2.47337845e-01  4.25196412e+01]
 [-1.20217282e-04 -1.33904572e-03  7.50713966e-01]]
H_inverse:
[[ 0.50470818 -0.16105217 25.75620329]
 [-0.01064113  0.24733785 42.51964121]
 [-0.00012022 -0.00133905  0.75071397]]
H_four_points:
[[-18 -47]
 [ 22 -31]
 [-64 -38]
 [ 65 -44]]