Model Output: [-18.8504581451416, -51.630062103271484, 20.479618072509766, -32.64772033691406, -68.19261932373047, -35.198219299316406, 70.27082824707031, -43.62484359741211]
Target: [-7.748276233673096, -10.530830383300781, 16.419889450073242, -44.12894058227539, -49.25967025756836, -44.12894058227539, 23.244840621948242, -10.530830383300781]
Out2: [-18.8504581451416, -51.630062103271484, 20.479618072509766, -32.64772033691406, -68.19261932373047, -35.198219299316406, 70.27082824707031, -43.62484359741211]
out2 * 2: [-37.7009162902832, -103.26012420654297, 40.95923614501953, -65.29544067382812, -136.38523864746094, -70.39643859863281, 140.54165649414062, -87.24968719482422]
Loss: 59.47456741333008
H:
[[ 1.98092091e+00  7.13227457e-01 -1.09547644e+02]
 [ 4.86836495e-02  3.21055279e+00 -1.91823705e+02]
 [ 2.50923755e-04  5.95666347e-03  1.00000000e+00]]
H:
[[   1.98092091    0.71322746 -109.54764443]
 [   0.04868365    3.21055279 -191.82370497]
 [   0.00025092    0.00595666    1.        ]]
H_inverse:
[[ 5.05552545e-01 -1.58611890e-01  2.49565701e+01]
 [-1.12437215e-02  2.33244620e-01  4.35101240e+01]
 [-5.98800779e-05 -1.34956022e-03  7.34562638e-01]]
H_inverse:
[[ 0.50555255 -0.15861189 24.95657008]
 [-0.01124372  0.23324462 43.51012397]
 [-0.00005988 -0.00134956  0.73456264]]
H_four_points:
[[-19 -52]
 [ 20 -33]
 [-68 -35]
 [ 70 -44]]