Model Output: [-19.49248695373535, -49.04304122924805, 22.593156814575195, -40.52741622924805, -75.41463470458984, -40.22802734375, 71.39649963378906, -51.78682327270508]
Target: [-9.053330421447754, -12.727370262145996, 18.28158950805664, -48.274349212646484, -54.84479904174805, -48.274349212646484, 27.159969329833984, -12.727370262145996]
Out2: [-19.49248695373535, -49.04304122924805, 22.593156814575195, -40.52741622924805, -75.41463470458984, -40.22802734375, 71.39649963378906, -51.78682327270508]
out2 * 2: [-38.9849739074707, -98.0860824584961, 45.18631362915039, -81.0548324584961, -150.8292694091797, -80.4560546875, 142.79299926757812, -103.57364654541016]
Loss: 63.70262908935547
H:
[[ 1.85734729e+00  7.90055691e-01 -1.06215077e+02]
 [-1.77340779e-02  3.24324785e+00 -1.85359977e+02]
 [-1.05905935e-04  6.43184824e-03  1.00000000e+00]]
H:
[[   1.85734729    0.79005569 -106.21507687]
 [  -0.01773408    3.24324785 -185.35997686]
 [  -0.00010591    0.00643185    1.        ]]
H_inverse:
[[ 5.38065723e-01 -1.78715926e-01  2.40239122e+01]
 [ 4.53272945e-03  2.23950484e-01  4.19929008e+01]
 [ 2.78305255e-05 -1.45934260e-03  7.32452310e-01]]
H_inverse:
[[ 0.53806572 -0.17871593 24.02391219]
 [ 0.00453273  0.22395048 41.99290077]
 [ 0.00002783 -0.00145934  0.73245231]]
H_four_points:
[[-19 -49]
 [ 23 -41]
 [-75 -40]
 [ 71 -52]]