Model Output: [-21.576120376586914, -51.2222900390625, 22.338930130004883, -43.111934661865234, -72.52753448486328, -46.221500396728516, 71.90486907958984, -49.32108688354492]
Target: [-10.428299903869629, -15.149539947509766, 20.06232452392578, -52.03023910522461, -60.186981201171875, -52.03023910522461, 31.284879684448242, -15.149539947509766]
Out2: [-21.576120376586914, -51.2222900390625, 22.338930130004883, -43.111934661865234, -72.52753448486328, -46.221500396728516, 71.90486907958984, -49.32108688354492]
out2 * 2: [-43.15224075317383, -102.444580078125, 44.677860260009766, -86.22386932373047, -145.05506896972656, -92.44300079345703, 143.8097381591797, -98.64217376708984]
Loss: 62.515811920166016
H:
[[ 2.05306645e+00  8.34337283e-01 -1.23988001e+02]
 [ 1.41311355e-02  3.37886760e+00 -1.98331064e+02]
 [ 1.88035050e-04  6.80818451e-03  1.00000000e+00]]
H:
[[   2.05306645    0.83433728 -123.98800084]
 [   0.01413114    3.3788676  -198.33106449]
 [   0.00018804    0.00680818    1.        ]]
H_inverse:
[[ 4.85878197e-01 -1.72448235e-01  2.60412243e+01]
 [-5.28340214e-03  2.13330033e-01  4.16548940e+01]
 [-5.53917546e-05 -1.41996391e-03  7.11509133e-01]]
H_inverse:
[[ 0.4858782  -0.17244824 26.04122427]
 [-0.0052834   0.21333003 41.65489397]
 [-0.00005539 -0.00141996  0.71150913]]
H_four_points:
[[-22 -51]
 [ 22 -43]
 [-73 -46]
 [ 72 -49]]