Model Output: [-18.97210121154785, -50.87575912475586, 21.835935592651367, -38.492733001708984, -72.1534423828125, -37.63047790527344, 65.88180541992188, -49.83865737915039]
Target: [-6.505040168762207, -8.538475036621094, 14.466705322265625, -39.555660247802734, -43.400150299072266, -39.555660247802734, 19.515100479125977, -8.538475036621094]
Out2: [-18.97210121154785, -50.87575912475586, 21.835935592651367, -38.492733001708984, -72.1534423828125, -37.63047790527344, 65.88180541992188, -49.83865737915039]
out2 * 2: [-37.9442024230957, -101.75151824951172, 43.671871185302734, -76.98546600341797, -144.306884765625, -75.26095581054688, 131.76361083984375, -99.67731475830078]
Loss: 66.41082000732422
H:
[[ 1.85261370e+00  7.37377085e-01 -1.03435817e+02]
 [ 5.69264786e-03  3.14587504e+00 -1.83695738e+02]
 [ 2.01866945e-05  5.99494984e-03  1.00000000e+00]]
H:
[[   1.8526137     0.73737709 -103.43581728]
 [   0.00569265    3.14587504 -183.69573817]
 [   0.00002019    0.00599495    1.        ]]
H_inverse:
[[ 5.40045153e-01 -1.72609812e-01  2.41523250e+01]
 [-1.19537133e-03  2.35835640e-01  4.31983577e+01]
 [-3.73553540e-06 -1.41033841e-03  7.40540457e-01]]
H_inverse:
[[ 0.54004515 -0.17260981 24.15232499]
 [-0.00119537  0.23583564 43.19835773]
 [-0.00000374 -0.00141034  0.74054046]]
H_four_points:
[[-19 -51]
 [ 22 -38]
 [-72 -38]
 [ 66 -50]]