Model Output: [-24.691701889038086, -49.942161560058594, 21.60877227783203, -42.98993682861328, -70.05070495605469, -46.67552947998047, 67.76595306396484, -48.520999908447266]
Target: [-11.882572174072266, -17.822486877441406, 21.771299362182617, -55.42959976196289, -65.31390380859375, -55.42959976196289, 35.647701263427734, -17.822486877441406]
Out2: [-24.691701889038086, -49.942161560058594, 21.60877227783203, -42.98993682861328, -70.05070495605469, -46.67552947998047, 67.76595306396484, -48.520999908447266]
out2 * 2: [-49.38340377807617, -99.88432312011719, 43.21754455566406, -85.97987365722656, -140.10140991210938, -93.35105895996094, 135.5319061279297, -97.04199981689453]
Loss: 57.921485900878906
H:
[[ 2.02614044e+00  8.17801768e-01 -1.26360841e+02]
 [ 8.69746284e-03  3.25623879e+00 -1.88978473e+02]
 [ 2.08226550e-04  6.46303178e-03  1.00000000e+00]]
H:
[[   2.02614044    0.81780177 -126.36084059]
 [   0.00869746    3.25623879 -188.97847258]
 [   0.00020823    0.00646303    1.        ]]
H_inverse:
[[ 4.91421477e-01 -1.79385003e-01  2.81965271e+01]
 [-5.27328329e-03  2.25258219e-01  4.19026177e+01]
 [-6.82456016e-05 -1.41849831e-03  7.23310785e-01]]
H_inverse:
[[ 0.49142148 -0.179385   28.19652713]
 [-0.00527328  0.22525822 41.90261769]
 [-0.00006825 -0.0014185   0.72331078]]
H_four_points:
[[-25 -50]
 [ 22 -43]
 [-70 -47]
 [ 68 -49]]