Model Output: [-18.664310455322266, -49.292198181152344, 23.528549194335938, -41.426368713378906, -69.6317367553711, -47.95658493041992, 74.75517272949219, -48.959774017333984]
Target: [-13.427013397216797, -20.775650024414062, 23.416690826416016, -58.500850677490234, -70.25006103515625, -58.500850677490234, 40.28104019165039, -20.775650024414062]
Out2: [-18.664310455322266, -49.292198181152344, 23.528549194335938, -41.426368713378906, -69.6317367553711, -47.95658493041992, 74.75517272949219, -48.959774017333984]
out2 * 2: [-37.32862091064453, -98.58439636230469, 47.057098388671875, -82.85273742675781, -139.2634735107422, -95.91316986083984, 149.51034545898438, -97.91954803466797]
Loss: 55.31269836425781
H:
[[ 2.14333303e+00  8.59307246e-01 -1.26118840e+02]
 [ 5.18739555e-03  3.45639553e+00 -1.99524595e+02]
 [ 3.45826370e-04  6.96324924e-03  1.00000000e+00]]
H:
[[   2.14333303    0.85930725 -126.11884006]
 [   0.0051874     3.45639553 -199.52459461]
 [   0.00034583    0.00696325    1.        ]]
H_inverse:
[[ 4.62888592e-01 -1.65974997e-01  2.52628782e+01]
 [-7.08682995e-03  2.08908121e-01  4.07885254e+01]
 [-1.10731718e-04 -1.39728079e-03  7.07242762e-01]]
H_inverse:
[[ 0.46288859 -0.165975   25.2628782 ]
 [-0.00708683  0.20890812 40.78852539]
 [-0.00011073 -0.00139728  0.70724276]]
H_four_points:
[[-19 -49]
 [ 24 -41]
 [-70 -48]
 [ 75 -49]]