Model Output: [-27.580690383911133, -50.41427993774414, 24.623889923095703, -45.23066329956055, -70.24225616455078, -45.649559020996094, 75.32330322265625, -57.30645751953125]
Target: [-15.07437515258789, -24.043903350830078, 25.00574493408203, -61.26865005493164, -75.01724243164062, -61.26865005493164, 45.22309875488281, -24.043903350830078]
Out2: [-27.580690383911133, -50.41427993774414, 24.623889923095703, -45.23066329956055, -70.24225616455078, -45.649559020996094, 75.32330322265625, -57.30645751953125]
out2 * 2: [-55.161380767822266, -100.82855987548828, 49.247779846191406, -90.4613265991211, -140.48451232910156, -91.29911804199219, 150.6466064453125, -114.6129150390625]
Loss: 57.724578857421875
H:
[[ 1.96085270e+00  8.97165546e-01 -1.31562677e+02]
 [-3.97023785e-02  3.31392828e+00 -1.89580822e+02]
 [-9.98834693e-05  6.76242301e-03  1.00000000e+00]]
H:
[[   1.9608527     0.89716555 -131.56267688]
 [  -0.03970238    3.31392828 -189.58082237]
 [  -0.00009988    0.00676242    1.        ]]
H_inverse:
[[ 5.07482934e-01 -1.97302862e-01  2.93609745e+01]
 [ 6.47481925e-03  2.15065356e-01  4.16241116e+01]
 [ 6.90368940e-06 -1.47407021e-03  7.21452826e-01]]
H_inverse:
[[ 0.50748293 -0.19730286 29.36097451]
 [ 0.00647482  0.21506536 41.62411159]
 [ 0.0000069  -0.00147407  0.72145283]]
H_four_points:
[[-28 -50]
 [ 25 -45]
 [-70 -46]
 [ 75 -57]]