Model Output: [-27.49997901916504, -49.57577133178711, 27.606769561767578, -46.45981979370117, -73.56139373779297, -49.729488372802734, 75.48544311523438, -50.82014083862305]
Target: [-16.839683532714844, -27.668729782104492, 26.545000076293945, -63.75429916381836, -79.63497924804688, -63.75429916381836, 50.519039154052734, -27.668729782104492]
Out2: [-27.49997901916504, -49.57577133178711, 27.606769561767578, -46.45981979370117, -73.56139373779297, -49.729488372802734, 75.48544311523438, -50.82014083862305]
out2 * 2: [-54.99995803833008, -99.15154266357422, 55.213539123535156, -92.91963958740234, -147.12278747558594, -99.45897674560547, 150.97088623046875, -101.6402816772461]
Loss: 55.6366081237793
H:
[[ 2.22002671e+00  1.07598102e+00 -1.54257332e+02]
 [-3.43404569e-03  3.78025516e+00 -2.20267354e+02]
 [ 1.96204864e-04  8.11763080e-03  1.00000000e+00]]
H:
[[   2.22002671    1.07598102 -154.25733235]
 [  -0.00343405    3.78025516 -220.26735446]
 [   0.0001962     0.00811763    1.        ]]
H_inverse:
[[ 4.47695965e-01 -1.87187882e-01  2.78290057e+01]
 [-3.19862260e-03  1.80925277e-01  3.93585212e+01]
 [-6.18748884e-05 -1.43195743e-03  6.75041870e-01]]
H_inverse:
[[ 0.44769597 -0.18718788 27.8290057 ]
 [-0.00319862  0.18092528 39.35852121]
 [-0.00006187 -0.00143196  0.67504187]]
H_four_points:
[[-27 -50]
 [ 28 -46]
 [-74 -50]
 [ 75 -51]]