Model Output: [-23.32382583618164, -47.99551773071289, 28.823196411132812, -49.930198669433594, -70.45848846435547, -51.72792434692383, 71.7889175415039, -51.15852355957031]
Target: [-18.74078369140625, -31.699689865112305, 28.04030990600586, -65.97630310058594, -84.12094116210938, -65.97630310058594, 56.22235107421875, -31.699689865112305]
Out2: [-23.32382583618164, -47.99551773071289, 28.823196411132812, -49.930198669433594, -70.45848846435547, -51.72792434692383, 71.7889175415039, -51.15852355957031]
out2 * 2: [-46.64765167236328, -95.99103546142578, 57.646392822265625, -99.86039733886719, -140.91697692871094, -103.45584869384766, 143.5778350830078, -102.31704711914062]
Loss: 50.99209976196289
H:
[[ 2.00488159e+00  9.50042830e-01 -1.29549500e+02]
 [-1.65965211e-02  3.34290540e+00 -1.89638631e+02]
 [ 3.29788935e-05  7.04235004e-03  1.00000000e+00]]
H:
[[   2.00488159    0.95004283 -129.54949975]
 [  -0.01659652    3.3429054  -189.63863128]
 [   0.00003298    0.00704235    1.        ]]
H_inverse:
[[ 4.96704095e-01 -1.97727487e-01  2.68509970e+01]
 [ 1.09805254e-03  2.13310858e-01  4.05942312e+01]
 [-2.41136218e-05 -1.49568889e-03  7.13235698e-01]]
H_inverse:
[[ 0.49670409 -0.19772749 26.85099701]
 [ 0.00109805  0.21331086 40.59423123]
 [-0.00002411 -0.00149569  0.7132357 ]]
H_four_points:
[[-23 -48]
 [ 29 -50]
 [-70 -52]
 [ 72 -51]]