Model Output: [-18.47972297668457, -50.537086486816406, 28.6506290435791, -46.66432571411133, -73.64225769042969, -51.172943115234375, 73.23820495605469, -55.94786071777344]
Target: [-20.799137115478516, -36.196659088134766, 29.497024536132812, -67.950439453125, -88.49111938476562, -67.950439453125, 62.397369384765625, -36.196659088134766]
Out2: [-18.47972297668457, -50.537086486816406, 28.6506290435791, -46.66432571411133, -73.64225769042969, -51.172943115234375, 73.23820495605469, -55.94786071777344]
out2 * 2: [-36.95944595336914, -101.07417297363281, 57.3012580871582, -93.32865142822266, -147.28451538085938, -102.34588623046875, 146.47640991210938, -111.89572143554688]
Loss: 48.39840316772461
H:
[[ 2.04337331e+00  9.62246224e-01 -1.24236191e+02]
 [-2.81918992e-02  3.53060762e+00 -2.04902324e+02]
 [ 9.16004046e-05  7.42316152e-03  1.00000000e+00]]
H:
[[   2.04337331    0.96224622 -124.23619083]
 [  -0.0281919     3.53060762 -204.90232427]
 [   0.0000916     0.00742316    1.        ]]
H_inverse:
[[ 4.85845267e-01 -1.81240799e-01  2.32229045e+01]
 [ 9.06243010e-04  1.97617814e-01  4.06049376e+01]
 [-5.12308113e-05 -1.45034722e-03  6.96455762e-01]]
H_inverse:
[[ 0.48584527 -0.1812408  23.22290446]
 [ 0.00090624  0.19761781 40.60493761]
 [-0.00005123 -0.00145035  0.69645576]]
H_four_points:
[[-18 -51]
 [ 29 -47]
 [-74 -51]
 [ 73 -56]]