Model Output: [-20.60491371154785, -52.37363052368164, 27.191354751586914, -49.628360748291016, -73.41454315185547, -47.3479118347168, 80.8464584350586, -52.959739685058594]
Target: [-23.040664672851562, -41.23231506347656, 30.920059204101562, -69.69049835205078, -92.7601318359375, -69.69049835205078, 69.12200164794922, -41.23231506347656]
Out2: [-20.60491371154785, -52.37363052368164, 27.191354751586914, -49.628360748291016, -73.41454315185547, -47.3479118347168, 80.8464584350586, -52.959739685058594]
out2 * 2: [-41.2098274230957, -104.74726104736328, 54.38270950317383, -99.25672149658203, -146.82908630371094, -94.6958236694336, 161.6929168701172, -105.91947937011719]
Loss: 46.38066864013672
H:
[[ 1.95614612e+00  9.22263102e-01 -1.21995431e+02]
 [-7.50275692e-03  3.38971505e+00 -1.99097096e+02]
 [-1.68204852e-04  7.15321903e-03  1.00000000e+00]]
H:
[[   1.95614612    0.9222631  -121.99543139]
 [  -0.00750276    3.38971505 -199.09709605]
 [  -0.0001682     0.00715322    1.        ]]
H_inverse:
[[ 5.12581248e-01 -1.91122356e-01  2.44806645e+01]
 [ 4.36478846e-03  2.06104302e-01  4.15672523e+01]
 [ 5.49963653e-05 -1.50645693e-03  7.06778106e-01]]
H_inverse:
[[ 0.51258125 -0.19112236 24.48066446]
 [ 0.00436479  0.2061043  41.56725234]
 [ 0.000055   -0.00150646  0.70677811]]
H_four_points:
[[-21 -52]
 [ 27 -50]
 [-73 -47]
 [ 81 -53]]