Model Output: [-26.17660903930664, -52.93949890136719, 25.289045333862305, -55.19281005859375, -77.2807846069336, -51.56187438964844, 86.70663452148438, -55.30835723876953]
Target: [-25.497154235839844, -46.89596939086914, 32.31386184692383, -71.2081298828125, -96.94155883789062, -71.2081298828125, 76.49146270751953, -46.89596939086914]
Out2: [-26.17660903930664, -52.93949890136719, 25.289045333862305, -55.19281005859375, -77.2807846069336, -51.56187438964844, 86.70663452148438, -55.30835723876953]
out2 * 2: [-52.35321807861328, -105.87899780273438, 50.57809066772461, -110.3856201171875, -154.5615692138672, -103.12374877929688, 173.41326904296875, -110.61671447753906]
Loss: 49.182373046875
H:
[[ 2.07108781e+00  1.00380207e+00 -1.39997261e+02]
 [-1.35181366e-02  3.58521569e+00 -2.12147786e+02]
 [-2.04598980e-04  7.93309049e-03  1.00000000e+00]]
H:
[[   2.07108781    1.00380207 -139.99726083]
 [  -0.01351814    3.58521569 -212.14778553]
 [  -0.0002046     0.00793309    1.        ]]
H_inverse:
[[ 4.84193289e-01 -1.94332780e-01  2.65584652e+01]
 [ 5.23174717e-03  1.87718255e-01  4.05564424e+01]
 [ 5.75615295e-05 -1.52894619e-03  6.83695907e-01]]
H_inverse:
[[ 0.48419329 -0.19433278 26.55846518]
 [ 0.00523175  0.18771826 40.55644239]
 [ 0.00005756 -0.00152895  0.68369591]]
H_four_points:
[[-26 -53]
 [ 25 -55]
 [-77 -52]
 [ 87 -55]]