Model Output: [-27.520179748535156, -52.78461837768555, 29.117048263549805, -47.71033477783203, -75.56517028808594, -54.59636688232422, 82.20944213867188, -54.25773239135742]
Target: [-28.207866668701172, -53.298465728759766, 33.682640075683594, -72.51334381103516, -101.04789733886719, -72.51334381103516, 84.62357330322266, -53.298465728759766]
Out2: [-27.520179748535156, -52.78461837768555, 29.117048263549805, -47.71033477783203, -75.56517028808594, -54.59636688232422, 82.20944213867188, -54.25773239135742]
out2 * 2: [-55.04035949707031, -105.5692367553711, 58.23409652709961, -95.42066955566406, -151.13034057617188, -109.19273376464844, 164.41888427734375, -108.51546478271484]
Loss: 43.542022705078125
H:
[[ 2.50535624e+00  1.25096951e+00 -1.81490745e+02]
 [-2.27148104e-03  4.26150885e+00 -2.54589660e+02]
 [ 4.12110828e-04  9.53324646e-03  1.00000000e+00]]
H:
[[   2.50535624    1.25096951 -181.4907452 ]
 [  -0.00227148    4.26150885 -254.58966   ]
 [   0.00041211    0.00953325    1.        ]]
H_inverse:
[[ 3.94570795e-01 -1.75864198e-01  2.68377412e+01]
 [-6.05536689e-03  1.52207619e-01  3.76514930e+01]
 [-1.04879592e-04 -1.37855721e-03  6.29998914e-01]]
H_inverse:
[[ 0.39457079 -0.1758642  26.8377412 ]
 [-0.00605537  0.15220762 37.65149303]
 [-0.00010488 -0.00137856  0.62999891]]
H_four_points:
[[-28 -53]
 [ 29 -48]
 [-76 -55]
 [ 82 -54]]