Model Output: [-29.604961395263672, -55.675411224365234, 25.78938865661621, -51.80323791503906, -74.51045227050781, -59.898681640625, 83.1826171875, -59.87744140625]
Target: [-31.222049713134766, -60.578983306884766, 35.03031921386719, -73.61453247070312, -105.09097290039062, -73.61453247070312, 93.66609954833984, -60.578983306884766]
Out2: [-29.604961395263672, -55.675411224365234, 25.78938865661621, -51.80323791503906, -74.51045227050781, -59.898681640625, 83.1826171875, -59.87744140625]
out2 * 2: [-59.209922790527344, -111.35082244873047, 51.57877731323242, -103.60647583007812, -149.02090454101562, -119.79736328125, 166.365234375, -119.7548828125]
Loss: 43.410987854003906
H:
[[ 2.46232706e+00  1.16292120e+00 -1.77545561e+02]
 [-2.35127612e-02  4.04645210e+00 -2.44651570e+02]
 [ 3.79889695e-04  9.02743025e-03  1.00000000e+00]]
H:
[[   2.46232706    1.1629212  -177.5455607 ]
 [  -0.02351276    4.0464521  -244.65157012]
 [   0.00037989    0.00902743    1.        ]]
H_inverse:
[[ 4.00147765e-01 -1.76927966e-01  2.77587546e+01]
 [-4.44145138e-03  1.61835227e-01  3.88046824e+01]
 [-1.11917120e-04 -1.39374311e-03  6.39148172e-01]]
H_inverse:
[[ 0.40014776 -0.17692797 27.75875458]
 [-0.00444145  0.16183523 38.80468238]
 [-0.00011192 -0.00139374  0.63914817]]
H_four_points:
[[-30 -56]
 [ 26 -52]
 [-75 -60]
 [ 83 -60]]