Model Output: [-22.123300552368164, -50.41984558105469, 21.982423782348633, -35.60035705566406, -68.29434204101562, -42.33793640136719, 69.81864929199219, -46.224002838134766]
Target: [-7.748276233673096, -10.530830383300781, 16.419889450073242, -44.12894058227539, -49.25967025756836, -44.12894058227539, 23.244840621948242, -10.530830383300781]
Out2: [-22.123300552368164, -50.41984558105469, 21.982423782348633, -35.60035705566406, -68.29434204101562, -42.33793640136719, 69.81864929199219, -46.224002838134766]
out2 * 2: [-44.24660110473633, -100.83969116210938, 43.964847564697266, -71.20071411132812, -136.58868408203125, -84.67587280273438, 139.63729858398438, -92.44800567626953]
Loss: 63.45118713378906
H:
[[ 2.09500025e+00  8.02062125e-01 -1.25079304e+02]
 [ 2.90114188e-02  3.34838623e+00 -1.96042553e+02]
 [ 3.64790118e-04  6.45540653e-03  1.00000000e+00]]
H:
[[   2.09500025    0.80206212 -125.07930368]
 [   0.02901142    3.34838623 -196.04255319]
 [   0.00036479    0.00645541    1.        ]]
H_inverse:
[[ 4.74932816e-01 -1.65673486e-01  2.69252128e+01]
 [-1.03475997e-02  2.20345027e-01  4.19027311e+01]
 [-1.06452835e-04 -1.36198068e-03  7.19678784e-01]]
H_inverse:
[[ 0.47493282 -0.16567349 26.92521281]
 [-0.0103476   0.22034503 41.90273111]
 [-0.00010645 -0.00136198  0.71967878]]
H_four_points:
[[-22 -50]
 [ 22 -36]
 [-68 -42]
 [ 70 -46]]