Model Output: [-25.17953872680664, -50.74289321899414, 24.19705581665039, -54.63026428222656, -77.88606262207031, -53.52362060546875, 80.4484634399414, -54.66439437866211]
Target: [-34.602230072021484, -68.91463470458984, 36.36058044433594, -74.51854705810547, -109.08175659179688, -74.51854705810547, 103.80667114257812, -68.91463470458984]
Out2: [-25.17953872680664, -50.74289321899414, 24.19705581665039, -54.63026428222656, -77.88606262207031, -53.52362060546875, 80.4484634399414, -54.66439437866211]
out2 * 2: [-50.35907745361328, -101.48578643798828, 48.39411163330078, -109.26052856445312, -155.77212524414062, -107.0472412109375, 160.8969268798828, -109.32878875732422]
Loss: 33.97837448120117
H:
[[ 2.02795618e+00  9.53244754e-01 -1.33139891e+02]
 [-2.43776567e-02  3.47371936e+00 -2.01538879e+02]
 [-1.41989964e-04  7.61673697e-03  1.00000000e+00]]
H:
[[   2.02795618    0.95324475 -133.13989136]
 [  -0.02437766    3.47371936 -201.53887938]
 [  -0.00014199    0.00761674    1.        ]]
H_inverse:
[[ 4.92643227e-01 -1.93498886e-01  2.65929171e+01]
 [ 5.21228120e-03  1.97601833e-01  4.05184146e+01]
 [ 3.02498191e-05 -1.53255609e-03  6.95157821e-01]]
H_inverse:
[[ 0.49264323 -0.19349889 26.59291707]
 [ 0.00521228  0.19760183 40.51841461]
 [ 0.00003025 -0.00153256  0.69515782]]
H_four_points:
[[-25 -51]
 [ 24 -55]
 [-78 -54]
 [ 80 -55]]