Model Output: [-23.919939041137695, -54.461910247802734, 24.105953216552734, -52.9890251159668, -77.5522689819336, -52.87582778930664, 77.47825622558594, -54.85641098022461]
Target: [-38.42913818359375, -78.53436279296875, 37.67692947387695, -75.23101806640625, -113.03085327148438, -75.23101806640625, 115.2873764038086, -78.53436279296875]
Out2: [-23.919939041137695, -54.461910247802734, 24.105953216552734, -52.9890251159668, -77.5522689819336, -52.87582778930664, 77.47825622558594, -54.85641098022461]
out2 * 2: [-47.83987808227539, -108.92382049560547, 48.21190643310547, -105.9780502319336, -155.1045379638672, -105.75165557861328, 154.95651245117188, -109.71282196044922]
Loss: 28.06551742553711
H:
[[ 2.06502514e+00  9.50751195e-01 -1.33521181e+02]
 [-6.01207855e-03  3.53162416e+00 -2.10767048e+02]
 [-2.25171481e-05  7.63521401e-03  1.00000000e+00]]
H:
[[   2.06502514    0.9507512  -133.52118133]
 [  -0.00601208    3.53162416 -210.76704753]
 [  -0.00002252    0.00763521    1.        ]]
H_inverse:
[[ 4.83993945e-01 -1.85488174e-01  2.55286486e+01]
 [ 1.01282032e-03  1.94131232e-01  4.10516995e+01]
 [ 3.16506349e-06 -1.48641016e-03  6.87136321e-01]]
H_inverse:
[[ 0.48399395 -0.18548817 25.52864855]
 [ 0.00101282  0.19413123 41.05169949]
 [ 0.00000317 -0.00148641  0.68713632]]
H_four_points:
[[-24 -54]
 [ 24 -53]
 [-78 -53]
 [ 77 -55]]