Model Output: [-23.469493865966797, -55.32416915893555, 25.81526756286621, -52.56250762939453, -75.00540161132812, -52.33027267456055, 72.73484802246094, -55.0429801940918]
Target: [-42.80880355834961, -89.73919677734375, 38.982791900634766, -75.75623321533203, -116.94840240478516, -75.75623321533203, 128.42636108398438, -89.73919677734375]
Out2: [-23.469493865966797, -55.32416915893555, 25.81526756286621, -52.56250762939453, -75.00540161132812, -52.33027267456055, 72.73484802246094, -55.0429801940918]
out2 * 2: [-46.938987731933594, -110.6483383178711, 51.63053512573242, -105.12501525878906, -150.01080322265625, -104.6605453491211, 145.46969604492188, -110.0859603881836]
Loss: 20.80158233642578
H:
[[ 1.98329854e+00  9.25379324e-01 -1.26434536e+02]
 [-4.47360573e-04  3.38616071e+00 -2.03576200e+02]
 [-4.97067303e-05  7.18417586e-03  1.00000000e+00]]
H:
[[   1.98329854    0.92537932 -126.43453624]
 [  -0.00044736    3.38616071 -203.57620042]
 [  -0.00004971    0.00718418    1.        ]]
H_inverse:
[[ 5.04793014e-01 -1.90905793e-01  2.49593945e+01]
 [ 1.10006650e-03  2.05825331e-01  4.20402252e+01]
 [ 1.71885390e-05 -1.48817468e-03  6.99216279e-01]]
H_inverse:
[[ 0.50479301 -0.19090579 24.95939452]
 [ 0.00110007  0.20582533 42.04022523]
 [ 0.00001719 -0.00148817  0.69921628]]
H_four_points:
[[-23 -55]
 [ 26 -53]
 [-75 -52]
 [ 73 -55]]