Model Output: [-18.416053771972656, -53.43400955200195, 25.54914093017578, -54.047447204589844, -74.60043334960938, -49.532875061035156, 70.83049774169922, -55.073516845703125]
Target: [-47.883399963378906, -102.93311309814453, 40.281368255615234, -76.09725952148438, -120.8441162109375, -76.09725952148438, 143.650146484375, -102.93311309814453]
Out2: [-18.416053771972656, -53.43400955200195, 25.54914093017578, -54.047447204589844, -74.60043334960938, -49.532875061035156, 70.83049774169922, -55.073516845703125]
out2 * 2: [-36.83210754394531, -106.8680191040039, 51.09828186035156, -108.09489440917969, -149.20086669921875, -99.06575012207031, 141.66099548339844, -110.14703369140625]
Loss: 14.791131973266602
H:
[[ 1.80054140e+00  8.25721195e-01 -1.03613573e+02]
 [-1.29778797e-02  3.12452898e+00 -1.83723193e+02]
 [-2.25440102e-04  6.49827758e-03  1.00000000e+00]]
H:
[[   1.8005414     0.82572119 -103.61357272]
 [  -0.01297788    3.12452898 -183.72319264]
 [  -0.00022544    0.00649828    1.        ]]
H_inverse:
[[ 5.56772679e-01 -1.93269941e-01  2.21810359e+01]
 [ 7.01333058e-03  2.29132030e-01  4.28235443e+01]
 [ 7.99443205e-05 -1.53253433e-03  7.26721217e-01]]
H_inverse:
[[ 0.55677268 -0.19326994 22.18103592]
 [ 0.00701333  0.22913203 42.82354428]
 [ 0.00007994 -0.00153253  0.72672122]]
H_four_points:
[[-18 -53]
 [ 26 -54]
 [-75 -50]
 [ 71 -55]]