Model Output: [-23.8699893951416, -52.68764114379883, 24.66493034362793, -49.817779541015625, -71.77690887451172, -48.360477447509766, 71.70372772216797, -54.487064361572266]
Target: [-53.847984313964844, -118.6708984375, 41.57592010498047, -76.2561264038086, -124.72776794433594, -76.2561264038086, 161.5439453125, -118.6708984375]
Out2: [-23.8699893951416, -52.68764114379883, 24.66493034362793, -49.817779541015625, -71.77690887451172, -48.360477447509766, 71.70372772216797, -54.487064361572266]
out2 * 2: [-47.7399787902832, -105.37528228759766, 49.32986068725586, -99.63555908203125, -143.55381774902344, -96.72095489501953, 143.40745544433594, -108.97412872314453]
Loss: 14.7076416015625
H:
[[ 1.90204556e+00  8.59251728e-01 -1.20093289e+02]
 [-6.66804486e-03  3.21697224e+00 -1.89886291e+02]
 [-1.13779712e-04  6.60977066e-03  1.00000000e+00]]
H:
[[   1.90204556    0.85925173 -120.09328934]
 [  -0.00666804    3.21697224 -189.88629096]
 [  -0.00011378    0.00660977    1.        ]]
H_inverse:
[[ 5.26639482e-01 -1.94664929e-01  2.62816664e+01]
 [ 3.32950678e-03  2.22379036e-01  4.26265818e+01]
 [ 3.79136123e-05 -1.49202335e-03  7.21238391e-01]]
H_inverse:
[[ 0.52663948 -0.19466493 26.28166638]
 [ 0.00332951  0.22237904 42.62658177]
 [ 0.00003791 -0.00149202  0.72123839]]
H_four_points:
[[-24 -53]
 [ 25 -50]
 [-72 -48]
 [ 72 -54]]