Model Output: [-24.964067459106445, -48.97502136230469, 21.0271053314209, -44.99985885620117, -67.36526489257812, -51.46963882446289, 77.12966918945312, -51.644657135009766]
Target: [-60.97798156738281, -137.7359161376953, 42.86957550048828, -76.23359680175781, -128.60877990722656, -76.23359680175781, 182.93389892578125, -137.7359161376953]
Out2: [-24.964067459106445, -48.97502136230469, 21.0271053314209, -44.99985885620117, -67.36526489257812, -51.46963882446289, 77.12966918945312, -51.644657135009766]
out2 * 2: [-49.92813491821289, -97.95004272460938, 42.0542106628418, -89.99971771240234, -134.73052978515625, -102.93927764892578, 154.25933837890625, -103.28931427001953]
Loss: 20.170724868774414
H:
[[ 2.08616288e+00  8.09837959e-01 -1.29567812e+02]
 [-1.41549492e-02  3.24115831e+00 -1.85075814e+02]
 [ 2.17061567e-04  6.50418913e-03  1.00000000e+00]]
H:
[[   2.08616288    0.80983796 -129.56781193]
 [  -0.01415495    3.24115831 -185.07581417]
 [   0.00021706    0.00650419    1.        ]]
H_inverse:
[[ 4.75146529e-01 -1.76653908e-01  2.88693303e+01]
 [-2.78121894e-03  2.26009628e-01  4.14685595e+01]
 [-8.50464763e-05 -1.43166459e-03  7.24014224e-01]]
H_inverse:
[[ 0.47514653 -0.17665391 28.86933033]
 [-0.00278122  0.22600963 41.46855946]
 [-0.00008505 -0.00143166  0.72401422]]
H_four_points:
[[-25 -49]
 [ 21 -45]
 [-67 -51]
 [ 77 -52]]