Model Output: [-24.36406898498535, -51.96382522583008, 22.143339157104492, -48.572166442871094, -67.42308807373047, -46.511146545410156, 69.43048095703125, -49.15276336669922]
Target: [-69.67487335205078, -161.2708740234375, 44.16550827026367, -76.02947998046875, -132.49658203125, -76.02947998046875, 209.0245361328125, -161.2708740234375]
Out2: [-24.36406898498535, -51.96382522583008, 22.143339157104492, -48.572166442871094, -67.42308807373047, -46.511146545410156, 69.43048095703125, -49.15276336669922]
out2 * 2: [-48.7281379699707, -103.92765045166016, 44.286678314208984, -97.14433288574219, -134.84617614746094, -93.02229309082031, 138.8609619140625, -98.30552673339844]
Loss: 31.499664306640625
H:
[[ 1.85905469e+00  7.46370133e-01 -1.11923066e+02]
 [ 1.56968663e-02  2.96252949e+00 -1.74159250e+02]
 [-2.43258889e-05  5.81499878e-03  1.00000000e+00]]
H:
[[   1.85905469    0.74637013 -111.92306598]
 [   0.01569687    2.96252949 -174.15924986]
 [  -0.00002433    0.005815      1.        ]]
H_inverse:
[[ 5.39868166e-01 -1.89749654e-01  2.73770429e+01]
 [-1.55638531e-03  2.52102566e-01  4.37317984e+01]
 [ 2.21831517e-05 -1.47059194e-03  7.46365617e-01]]
H_inverse:
[[ 0.53986817 -0.18974965 27.37704294]
 [-0.00155639  0.25210257 43.73179836]
 [ 0.00002218 -0.00147059  0.74636562]]
H_four_points:
[[-24 -52]
 [ 22 -49]
 [-67 -47]
 [ 69 -49]]