Model Output: [-23.89116668701172, -50.20051193237305, 22.060546875, -46.02623748779297, -67.80194091796875, -42.09653091430664, 72.05049896240234, -51.04609680175781]
Target: [-80.5480728149414, -191.01055908203125, 45.46689987182617, -75.6423568725586, -136.4007568359375, -75.6423568725586, 241.6441650390625, -191.01055908203125]
Out2: [-23.89116668701172, -50.20051193237305, 22.060546875, -46.02623748779297, -67.80194091796875, -42.09653091430664, 72.05049896240234, -51.04609680175781]
out2 * 2: [-47.78233337402344, -100.4010238647461, 44.12109375, -92.05247497558594, -135.6038818359375, -84.19306182861328, 144.1009979248047, -102.09219360351562]
Loss: 42.11753845214844
H:
[[ 1.79430609e+00  7.41806356e-01 -1.07975302e+02]
 [-7.74341764e-03  2.96537926e+00 -1.70271131e+02]
 [-1.87475226e-04  5.78743406e-03  1.00000000e+00]]
H:
[[   1.79430609    0.74180636 -107.97530187]
 [  -0.00774342    2.96537926 -170.27113063]
 [  -0.00018748    0.00578743    1.        ]]
H_inverse:
[[ 5.59351458e-01 -1.93496709e-01  2.74492391e+01]
 [ 5.61573032e-03  2.51169860e-01  4.33733362e+01]
 [ 7.23638718e-05 -1.48990484e-03  7.54125729e-01]]
H_inverse:
[[ 0.55935146 -0.19349671 27.44923906]
 [ 0.00561573  0.25116986 43.37333618]
 [ 0.00007236 -0.0014899   0.75412573]]
H_four_points:
[[-24 -50]
 [ 22 -46]
 [-68 -42]
 [ 72 -51]]