Model Output: [-18.37010383605957, -45.633262634277344, 16.65793800354004, -42.09916687011719, -62.35914993286133, -41.665748596191406, 65.37467956542969, -47.240867614746094]
Target: [-94.56956481933594, -229.72239685058594, 46.7769889831543, -75.0697021484375, -140.3310089111328, -75.0697021484375, 283.7085876464844, -229.72239685058594]
Out2: [-18.37010383605957, -45.633262634277344, 16.65793800354004, -42.09916687011719, -62.35914993286133, -41.665748596191406, 65.37467956542969, -47.240867614746094]
out2 * 2: [-36.74020767211914, -91.26652526855469, 33.31587600708008, -84.19833374023438, -124.71829986572266, -83.33149719238281, 130.74935913085938, -94.48173522949219]
Loss: 66.36866760253906
H:
[[ 1.70600776e+00  5.50496508e-01 -8.48948953e+01]
 [-5.38368287e-03  2.59635945e+00 -1.42531475e+02]
 [-1.93657657e-05  4.61222516e-03  1.00000000e+00]]
H:
[[   1.70600776    0.55049651  -84.89489532]
 [  -0.00538368    2.59635945 -142.53147539]
 [  -0.00001937    0.00461223    1.        ]]
H_inverse:
[[ 5.85918641e-01 -1.69639870e-01  2.55624806e+01]
 [ 1.46651582e-03  3.06913400e-01  4.38693195e+01]
 [ 4.58286194e-06 -1.41883891e-03  7.98159858e-01]]
H_inverse:
[[ 0.58591864 -0.16963987 25.56248063]
 [ 0.00146652  0.3069134  43.86931949]
 [ 0.00000458 -0.00141884  0.79815986]]
H_four_points:
[[-18 -46]
 [ 17 -42]
 [-62 -42]
 [ 65 -47]]