Model Output: [-20.47516441345215, -44.46665573120117, 15.901861190795898, -41.79582214355469, -61.74748611450195, -38.316158294677734, 64.58871459960938, -49.98701095581055]
Target: [-113.39070129394531, -282.10858154296875, 48.099090576171875, -74.307861328125, -144.29730224609375, -74.307861328125, 340.1719970703125, -282.10858154296875]
Out2: [-20.47516441345215, -44.46665573120117, 15.901861190795898, -41.79582214355469, -61.74748611450195, -38.316158294677734, 64.58871459960938, -49.98701095581055]
out2 * 2: [-40.9503288269043, -88.93331146240234, 31.803722381591797, -83.59164428710938, -123.4949722290039, -76.63231658935547, 129.17742919921875, -99.9740219116211]
Loss: 88.43133544921875
H:
[[ 1.58471840e+00  5.24228736e-01 -7.94644460e+01]
 [-3.30477346e-02  2.47661637e+00 -1.31157406e+02]
 [-2.48583727e-04  4.33529202e-03  1.00000000e+00]]
H:
[[   1.5847184     0.52422874  -79.46444599]
 [  -0.03304773    2.47661637 -131.15740583]
 [  -0.00024858    0.00433529    1.        ]]
H_inverse:
[[ 6.31435268e-01 -1.80133650e-01  2.65507914e+01]
 [ 1.36129864e-02  3.24499816e-01  4.36423025e+01]
 [ 9.79482608e-05 -1.45157976e-03  8.17397969e-01]]
H_inverse:
[[ 0.63143527 -0.18013365 26.55079145]
 [ 0.01361299  0.32449982 43.6423025 ]
 [ 0.00009795 -0.00145158  0.81739797]]
H_four_points:
[[-20 -44]
 [ 16 -42]
 [-62 -38]
 [ 65 -50]]