Model Output: [-21.752344131469727, -52.56905746459961, 24.309221267700195, -36.06623077392578, -73.97386169433594, -42.12023162841797, 74.76069641113281, -47.262420654296875]
Target: [-9.053330421447754, -12.727370262145996, 18.28158950805664, -48.274349212646484, -54.84479904174805, -48.274349212646484, 27.159969329833984, -12.727370262145996]
Out2: [-21.752344131469727, -52.56905746459961, 24.309221267700195, -36.06623077392578, -73.97386169433594, -42.12023162841797, 74.76069641113281, -47.262420654296875]
out2 * 2: [-43.50468826293945, -105.13811492919922, 48.61844253540039, -72.13246154785156, -147.94772338867188, -84.24046325683594, 149.52139282226562, -94.52484130859375]
Loss: 64.2856216430664
H:
[[ 2.28582979e+00  9.60326195e-01 -1.43586753e+02]
 [ 4.35178150e-02  3.84251363e+00 -2.31900310e+02]
 [ 4.53541708e-04  7.79319563e-03  1.00000000e+00]]
H:
[[   2.28582979    0.9603262  -143.58675339]
 [   0.04351782    3.84251363 -231.90030958]
 [   0.00045354    0.0077932     1.        ]]
H_inverse:
[[ 4.35496970e-01 -1.60279448e-01  2.53627425e+01]
 [-1.14617132e-02  1.81217074e-01  4.03785455e+01]
 [-1.08192666e-04 -1.33956670e-03  6.73819034e-01]]
H_inverse:
[[ 0.43549697 -0.16027945 25.36274253]
 [-0.01146171  0.18121707 40.37854548]
 [-0.00010819 -0.00133957  0.67381903]]
H_four_points:
[[-22 -53]
 [ 24 -36]
 [-74 -42]
 [ 75 -47]]