Model Output: [-14.906384468078613, -41.61821746826172, 12.950180053710938, -38.390098571777344, -43.69963836669922, -38.1964225769043, 47.210906982421875, -31.262004852294922]
Target: [0.0, 0.0, 0.0, 0.0, 0.0, 0.0, 0.0, 0.0]
Out2: [-14.906384468078613, -41.61821746826172, 12.950180053710938, -38.390098571777344, -43.69963836669922, -38.1964225769043, 47.210906982421875, -31.262004852294922]
out2 * 2: [-29.812768936157227, -83.23643493652344, 25.900360107421875, -76.78019714355469, -87.39927673339844, -76.3928451538086, 94.42181396484375, -62.524009704589844]
Loss: 67.05846405029297
H:
[[ 1.56460506e+00  3.53922032e-01 -6.40614634e+01]
 [ 5.83208749e-02  2.03329960e+00 -1.07497711e+02]
 [ 2.06811613e-04  2.89403990e-03  1.00000000e+00]]
H:
[[   1.56460506    0.35392203  -64.06146339]
 [   0.05832087    2.0332996  -107.49771137]
 [   0.00020681    0.00289404    1.        ]]
H_inverse:
[[ 6.41303966e-01 -1.47528892e-01  2.52238522e+01]
 [-2.20349275e-02  4.31616988e-01  4.49862487e+01]
 [-6.88591484e-05 -1.21860609e-03  8.64591416e-01]]
H_inverse:
[[ 0.64130397 -0.14752889 25.22385225]
 [-0.02203493  0.43161699 44.98624867]
 [-0.00006886 -0.00121861  0.86459142]]
H_four_points:
[[-15 -42]
 [ 13 -38]
 [-44 -38]
 [ 47 -31]]