Model Output: [-18.423505783081055, -43.7242317199707, 20.328447341918945, -32.315738677978516, -58.77004623413086, -32.815162658691406, 60.354759216308594, -40.31584930419922]
Target: [-0.9954100251197815, -1.076645016670227, 2.8348500728607178, -8.407469749450684, -8.504520416259766, -8.407469749450684, 2.9862399101257324, -1.076645016670227]
Out2: [-18.423505783081055, -43.7242317199707, 20.328447341918945, -32.315738677978516, -58.77004623413086, -32.815162658691406, 60.354759216308594, -40.31584930419922]
out2 * 2: [-36.84701156616211, -87.4484634399414, 40.65689468383789, -64.63147735595703, -117.54009246826172, -65.63032531738281, 120.70951843261719, -80.63169860839844]
Loss: 72.47577667236328
H:
[[ 1.74022321e+00  5.78041842e-01 -8.85406162e+01]
 [ 2.30584734e-02  2.68151961e+00 -1.47080672e+02]
 [ 1.14014356e-04  4.58311450e-03  1.00000000e+00]]
H:
[[   1.74022321    0.57804184  -88.54061625]
 [   0.02305847    2.68151961 -147.08067227]
 [   0.00011401    0.00458311    1.        ]]
H_inverse:
[[ 5.75161875e-01 -1.68632251e-01  2.61226419e+01]
 [-6.82661000e-03  3.00010161e-01  4.35212640e+01]
 [-3.42895753e-05 -1.35575442e-03  7.97558708e-01]]
H_inverse:
[[ 0.57516187 -0.16863225 26.12264194]
 [-0.00682661  0.30001016 43.52126397]
 [-0.00003429 -0.00135575  0.79755871]]
H_four_points:
[[-18 -44]
 [ 20 -32]
 [-59 -33]
 [ 60 -40]]