Model Output: [-23.60972023010254, -45.29336166381836, 20.4010066986084, -27.132169723510742, -59.947757720947266, -30.225780487060547, 57.235477447509766, -46.99821853637695]
Target: [-2.02059006690979, -2.278594970703125, 5.468929767608643, -15.967379570007324, -16.40679931640625, -15.967379570007324, 6.061769962310791, -2.278594970703125]
Out2: [-23.60972023010254, -45.29336166381836, 20.4010066986084, -27.132169723510742, -59.947757720947266, -30.225780487060547, 57.235477447509766, -46.99821853637695]
out2 * 2: [-47.21944046020508, -90.58672332763672, 40.8020133972168, -54.264339447021484, -119.89551544189453, -60.451560974121094, 114.47095489501953, -93.9964370727539]
Loss: 69.40461730957031
H:
[[ 1.74611929e+00  6.20527064e-01 -9.92157964e+01]
 [-9.00652733e-03  2.77942989e+00 -1.52488549e+02]
 [ 7.04980522e-05  4.71449038e-03  1.00000000e+00]]
H:
[[   1.74611929    0.62052706  -99.21579636]
 [  -0.00900653    2.77942989 -152.48854915]
 [   0.0000705     0.00471449    1.        ]]
H_inverse:
[[ 5.70590163e-01 -1.77501914e-01  2.95445480e+01]
 [-2.84389943e-04  2.85938682e-01  4.35741588e+01]
 [-3.88847414e-05 -1.33554163e-03  7.92487215e-01]]
H_inverse:
[[ 0.57059016 -0.17750191 29.54454802]
 [-0.00028439  0.28593868 43.57415881]
 [-0.00003888 -0.00133554  0.79248721]]
H_four_points:
[[-24 -45]
 [ 20 -27]
 [-60 -30]
 [ 57 -47]]