Model Output: [-22.19466209411621, -42.46082305908203, 19.520544052124023, -25.48837661743164, -59.91762161254883, -31.160125732421875, 57.42047119140625, -41.700809478759766]
Target: [-3.0794999599456787, -3.61468505859375, 7.9286041259765625, -22.78260040283203, -23.78580093383789, -22.78260040283203, 9.238499641418457, -3.61468505859375]
Out2: [-22.19466209411621, -42.46082305908203, 19.520544052124023, -25.48837661743164, -59.91762161254883, -31.160125732421875, 57.42047119140625, -41.700809478759766]
out2 * 2: [-44.38932418823242, -84.92164611816406, 39.04108810424805, -50.97675323486328, -119.83524322509766, -62.32025146484375, 114.8409423828125, -83.40161895751953]
Loss: 62.86248779296875
H:
[[ 1.81534608e+00  6.21584699e-01 -1.00413586e+02]
 [ 4.93544412e-03  2.83133940e+00 -1.52423979e+02]
 [ 2.24338369e-04  4.81657827e-03  1.00000000e+00]]
H:
[[   1.81534608    0.6215847  -100.4135862 ]
 [   0.00493544    2.8313394  -152.42397943]
 [   0.00022434    0.00481658    1.        ]]
H_inverse:
[[ 5.47722160e-01 -1.69782986e-01  2.91197479e+01]
 [-6.01103763e-03  2.82328763e-01  4.24300837e+01]
 [-9.39224629e-05 -1.32176975e-03  7.89099504e-01]]
H_inverse:
[[ 0.54772216 -0.16978299 29.11974788]
 [-0.00601104  0.28232876 42.43008368]
 [-0.00009392 -0.00132177  0.7890995 ]]
H_four_points:
[[-22 -42]
 [ 20 -25]
 [-60 -31]
 [ 57 -42]]