Model Output: [-22.353076934814453, -48.38633346557617, 21.38470458984375, -26.94706916809082, -62.14891815185547, -32.45484161376953, 63.1121826171875, -46.160491943359375]
Target: [-4.176519870758057, -5.095180034637451, 10.236029624938965, -28.939239501953125, -30.7081298828125, -28.939239501953125, 12.529500007629395, -5.095180034637451]
Out2: [-22.353076934814453, -48.38633346557617, 21.38470458984375, -26.94706916809082, -62.14891815185547, -32.45484161376953, 63.1121826171875, -46.160491943359375]
out2 * 2: [-44.706153869628906, -96.77266693115234, 42.7694091796875, -53.89413833618164, -124.29783630371094, -64.90968322753906, 126.224365234375, -92.32098388671875]
Loss: 65.02203369140625
H:
[[ 1.89498724e+00  6.78915862e-01 -1.07823864e+02]
 [ 1.48249960e-02  3.02182406e+00 -1.72667088e+02]
 [ 2.35545261e-04  5.30981724e-03  1.00000000e+00]]
H:
[[   1.89498724    0.67891586 -107.82386405]
 [   0.014825      3.02182406 -172.66708807]
 [   0.00023555    0.00530982    1.        ]]
H_inverse:
[[ 5.25554634e-01 -1.66986089e-01  2.78343296e+01]
 [-7.40510016e-03  2.56246641e-01  4.34469148e+01]
 [-8.44721750e-05 -1.32129005e-03  7.62748578e-01]]
H_inverse:
[[ 0.52555463 -0.16698609 27.83432962]
 [-0.0074051   0.25624664 43.44691476]
 [-0.00008447 -0.00132129  0.76274858]]
H_four_points:
[[-22 -48]
 [ 21 -27]
 [-62 -32]
 [ 63 -46]]