Model Output: [-25.382837295532227, -50.36811828613281, 18.887418746948242, -29.832792282104492, -66.31768798828125, -35.136478424072266, 63.909423828125, -49.31863784790039]
Target: [-5.316530227661133, -6.731864929199219, 12.410039901733398, -34.50986099243164, -37.230159759521484, -34.50986099243164, 15.949520111083984, -6.731864929199219]
Out2: [-25.382837295532227, -50.36811828613281, 18.887418746948242, -29.832792282104492, -66.31768798828125, -35.136478424072266, 63.909423828125, -49.31863784790039]
out2 * 2: [-50.76567459106445, -100.73623657226562, 37.774837493896484, -59.665584564208984, -132.6353759765625, -70.27295684814453, 127.81884765625, -98.63727569580078]
Loss: 65.61463928222656
H:
[[ 1.93890269e+00  7.04054779e-01 -1.15525162e+02]
 [ 8.72670362e-03  3.11663671e+00 -1.80773576e+02]
 [ 2.23713224e-04  5.63530780e-03  1.00000000e+00]]
H:
[[   1.93890269    0.70405478 -115.5251616 ]
 [   0.0087267     3.11663671 -180.77357579]
 [   0.00022371    0.00563531    1.        ]]
H_inverse:
[[ 5.13179541e-01 -1.68159002e-01  2.88864454e+01]
 [-6.10155761e-03  2.43816778e-01  4.33707473e+01]
 [-8.04208946e-05 -1.33636320e-03  7.49130210e-01]]
H_inverse:
[[ 0.51317954 -0.168159   28.88644536]
 [-0.00610156  0.24381678 43.3707473 ]
 [-0.00008042 -0.00133636  0.74913021]]
H_four_points:
[[-25 -50]
 [ 19 -30]
 [-66 -35]
 [ 64 -49]]