Model Output: [-19.284536361694336, -47.691226959228516, 19.98129653930664, -31.909753799438477, -66.4361343383789, -33.04878234863281, 66.97801208496094, -48.42940902709961]
Target: [-6.505040168762207, -8.538475036621094, 14.466705322265625, -39.555660247802734, -43.400150299072266, -39.555660247802734, 19.515100479125977, -8.538475036621094]
Out2: [-19.284536361694336, -47.691226959228516, 19.98129653930664, -31.909753799438477, -66.4361343383789, -33.04878234863281, 66.97801208496094, -48.42940902709961]
out2 * 2: [-38.56907272338867, -95.38245391845703, 39.96259307861328, -63.81950759887695, -132.8722686767578, -66.09756469726562, 133.95602416992188, -96.85881805419922]
Loss: 60.93037796020508
H:
[[ 1.81137175e+00  6.53775926e-01 -9.72645524e+01]
 [ 6.25635697e-04  2.96781635e+00 -1.68467434e+02]
 [ 3.91022311e-05  5.34454325e-03  1.00000000e+00]]
H:
[[   1.81137175    0.65377593  -97.26455243]
 [   0.00062564    2.96781635 -168.46743402]
 [   0.0000391     0.00534454    1.        ]]
H_inverse:
[[ 5.51576068e-01 -1.67348081e-01  2.54560977e+01]
 [-1.02853241e-03  2.58830375e-01  4.35044494e+01]
 [-1.60708189e-05 -1.37678645e-03  7.66493199e-01]]
H_inverse:
[[ 0.55157607 -0.16734808 25.45609765]
 [-0.00102853  0.25883038 43.50444938]
 [-0.00001607 -0.00137679  0.7664932 ]]
H_four_points:
[[-19 -48]
 [ 20 -32]
 [-66 -33]
 [ 67 -48]]