Model Output: [-19.844953536987305, -49.44084548950195, 21.050045013427734, -35.62348937988281, -68.58332061767578, -40.664207458496094, 68.50028991699219, -49.996463775634766]
Target: [-7.748276233673096, -10.530830383300781, 16.419889450073242, -44.12894058227539, -49.25967025756836, -44.12894058227539, 23.244840621948242, -10.530830383300781]
Out2: [-19.844953536987305, -49.44084548950195, 21.050045013427734, -35.62348937988281, -68.58332061767578, -40.664207458496094, 68.50028991699219, -49.996463775634766]
out2 * 2: [-39.68990707397461, -98.8816909790039, 42.10009002685547, -71.24697875976562, -137.16664123535156, -81.32841491699219, 137.00057983398438, -99.99292755126953]
Loss: 62.676876068115234
H:
[[ 1.96427014e+00  7.39739894e-01 -1.11426610e+02]
 [-2.71346863e-03  3.19389284e+00 -1.83225241e+02]
 [ 1.96996256e-04  6.06366858e-03  1.00000000e+00]]
H:
[[   1.96427014    0.73973989 -111.42660973]
 [  -0.00271347    3.19389284 -183.2252414 ]
 [   0.000197      0.00606367    1.        ]]
H_inverse:
[[ 5.06266187e-01 -1.66453210e-01  2.59130952e+01]
 [-3.92569925e-03  2.33583609e-01  4.23609859e+01]
 [-7.59284040e-05 -1.38358293e-03  7.38032238e-01]]
H_inverse:
[[ 0.50626619 -0.16645321 25.91309517]
 [-0.0039257   0.23358361 42.36098586]
 [-0.00007593 -0.00138358  0.73803224]]
H_four_points:
[[-20 -49]
 [ 21 -36]
 [-69 -41]
 [ 69 -50]]