Model Output: [-23.02371597290039, -51.48978805541992, 21.802743911743164, -37.666507720947266, -71.52323913574219, -41.56639862060547, 71.44244384765625, -47.53901290893555]
Target: [-9.053330421447754, -12.727370262145996, 18.28158950805664, -48.274349212646484, -54.84479904174805, -48.274349212646484, 27.159969329833984, -12.727370262145996]
Out2: [-23.02371597290039, -51.48978805541992, 21.802743911743164, -37.666507720947266, -71.52323913574219, -41.56639862060547, 71.44244384765625, -47.53901290893555]
out2 * 2: [-46.04743194580078, -102.97957611083984, 43.60548782348633, -75.33301544189453, -143.04647827148438, -83.13279724121094, 142.8848876953125, -95.0780258178711]
Loss: 62.5955696105957
H:
[[ 2.08513400e+00  8.40730797e-01 -1.27720837e+02]
 [ 2.11040791e-02  3.44564703e+00 -2.02995275e+02]
 [ 2.55483549e-04  6.80797282e-03  1.00000000e+00]]
H:
[[   2.085134      0.8407308  -127.72083749]
 [   0.02110408    3.44564703 -202.99527504]
 [   0.00025548    0.00680797    1.        ]]
H_inverse:
[[ 4.78030798e-01 -1.69348517e-01  2.66775450e+01]
 [-7.22507454e-03  2.09700410e-01  4.16453998e+01]
 [-7.29408940e-05 -1.38436893e-03  7.09663576e-01]]
H_inverse:
[[ 0.4780308  -0.16934852 26.67754503]
 [-0.00722507  0.20970041 41.64539977]
 [-0.00007294 -0.00138437  0.70966358]]
H_four_points:
[[-23 -51]
 [ 22 -38]
 [-72 -42]
 [ 71 -48]]