Model Output: [-22.49018669128418, -52.10194778442383, 25.64470863342285, -41.586952209472656, -68.7066879272461, -46.21886444091797, 75.67526245117188, -51.127906799316406]
Target: [-10.428299903869629, -15.149539947509766, 20.06232452392578, -52.03023910522461, -60.186981201171875, -52.03023910522461, 31.284879684448242, -15.149539947509766]
Out2: [-22.49018669128418, -52.10194778442383, 25.64470863342285, -41.586952209472656, -68.7066879272461, -46.21886444091797, 75.67526245117188, -51.127906799316406]
out2 * 2: [-44.98037338256836, -104.20389556884766, 51.2894172668457, -83.17390441894531, -137.4133758544922, -92.43772888183594, 151.35052490234375, -102.25581359863281]
Loss: 63.847869873046875
H:
[[ 2.11318712e+00  9.10232759e-01 -1.31935962e+02]
 [ 8.55824837e-03  3.48571562e+00 -2.06044125e+02]
 [ 2.17887018e-04  7.05998152e-03  1.00000000e+00]]
H:
[[   2.11318712    0.91023276 -131.93596194]
 [   0.00855825    3.48571562 -206.04412454]
 [   0.00021789    0.00705998    1.        ]]
H_inverse:
[[ 4.71251766e-01 -1.75675343e-01  2.59781829e+01]
 [-5.09871905e-03  2.04314166e-01  4.14250291e+01]
 [-6.66827798e-05 -1.40417686e-03  7.01879751e-01]]
H_inverse:
[[ 0.47125177 -0.17567534 25.97818287]
 [-0.00509872  0.20431417 41.42502913]
 [-0.00006668 -0.00140418  0.70187975]]
H_four_points:
[[-22 -52]
 [ 26 -42]
 [-69 -46]
 [ 76 -51]]