Model Output: [-23.291868209838867, -53.71236038208008, 22.19559097290039, -39.90398025512695, -76.40336608886719, -42.279754638671875, 75.55830383300781, -51.034400939941406]
Target: [-10.428299903869629, -15.149539947509766, 20.06232452392578, -52.03023910522461, -60.186981201171875, -52.03023910522461, 31.284879684448242, -15.149539947509766]
Out2: [-23.291868209838867, -53.71236038208008, 22.19559097290039, -39.90398025512695, -76.40336608886719, -42.279754638671875, 75.55830383300781, -51.034400939941406]
out2 * 2: [-46.583736419677734, -107.42472076416016, 44.39118194580078, -79.8079605102539, -152.80673217773438, -84.55950927734375, 151.11660766601562, -102.06880187988281]
Loss: 64.05465698242188
H:
[[ 2.12181605e+00  8.95489564e-01 -1.32305490e+02]
 [ 1.95237591e-02  3.63090075e+00 -2.18797396e+02]
 [ 1.65009142e-04  7.38151117e-03  1.00000000e+00]]
H:
[[   2.12181605    0.89548956 -132.3054899 ]
 [   0.01952376    3.63090075 -218.79739553]
 [   0.00016501    0.00738151    1.        ]]
H_inverse:
[[ 4.70854982e-01 -1.68032190e-01  2.55316936e+01]
 [-4.99287536e-03  1.92404807e-01  4.14370857e+01]
 [-4.08404115e-05 -1.39251138e-03  6.89918726e-01]]
H_inverse:
[[ 0.47085498 -0.16803219 25.53169356]
 [-0.00499288  0.19240481 41.43708575]
 [-0.00004084 -0.00139251  0.68991873]]
H_four_points:
[[-23 -54]
 [ 22 -40]
 [-76 -42]
 [ 76 -51]]