Model Output: [-18.986186981201172, -42.136722564697266, 16.84541893005371, -28.365842819213867, -56.516361236572266, -35.10846710205078, 60.09428787231445, -39.98945236206055]
Target: [-0.9954100251197815, -1.076645016670227, 2.8348500728607178, -8.407469749450684, -8.504520416259766, -8.407469749450684, 2.9862399101257324, -1.076645016670227]
Out2: [-18.986186981201172, -42.136722564697266, 16.84541893005371, -28.365842819213867, -56.516361236572266, -35.10846710205078, 60.09428787231445, -39.98945236206055]
out2 * 2: [-37.972373962402344, -84.27344512939453, 33.69083786010742, -56.731685638427734, -113.03272247314453, -70.21693420410156, 120.1885757446289, -79.9789047241211]
Loss: 70.22453308105469
H:
[[ 1.82079473e+00  5.46236944e-01 -9.27434090e+01]
 [ 1.73012490e-02  2.68421829e+00 -1.44176682e+02]
 [ 2.95924306e-04  4.47720695e-03  1.00000000e+00]]
H:
[[   1.82079473    0.54623694  -92.74340905]
 [   0.01730125    2.68421829 -144.17668156]
 [   0.00029592    0.00447721    1.        ]]
H_inverse:
[[ 5.46172250e-01 -1.57708824e-01  2.79159416e+01]
 [-9.83627482e-03  3.03165163e-01  4.27970975e+01]
 [-1.17586606e-04 -1.31066330e-03  8.00127532e-01]]
H_inverse:
[[ 0.54617225 -0.15770882 27.91594157]
 [-0.00983627  0.30316516 42.79709749]
 [-0.00011759 -0.00131066  0.80012753]]
H_four_points:
[[-19 -42]
 [ 17 -28]
 [-57 -35]
 [ 60 -40]]